DiseaseID	Score	DiseaseName
151660	0.00226024056921119	NA
608594	3.66054395908587e-05	NA
269700	3.63615215132317e-05	NA
608600	3.17270339588693e-05	NA
219090	3.13993948061282e-05	NA
612526	2.98063452032282e-05	NA
604367	2.90193835756662e-05	NA
144250	2.73627526156536e-05	NA
613877	2.69652900853838e-05	NA
203800	2.62974945403901e-05	NA
615238	2.61400395907805e-05	NA
606721	2.58966254125268e-05	NA
608709	2.51398865008657e-05	NA
246200	2.45858312252402e-05	NA
151800	2.45616806685621e-05	NA
145750	2.35077315376608e-05	NA
143890	2.14865427958695e-05	HYPERCHOLESTEROLEMIA, FAMILIAL, 1
601665	1.4094419398899e-05	NA
601410	1.38739183623883e-05	TYPE 1 DIABETES MELLITUS 2
222100	1.35985387559594e-05	TYPE 1 DIABETES MELLITUS
615703	9.87608906268569e-06	NA
603813	8.49125146928692e-06	HYPERCHOLESTEROLEMIA, FAMILIAL, 4
613375	7.85885932966707e-06	MATURITY-ONSET DIABETES OF THE YOUNG, TYPE 11
610947	7.68625743634729e-06	NA
615474	7.522649575498e-06	NA
616192	7.36421441894128e-06	NA
614736	7.34327019021533e-06	NA
603776	7.30958798788378e-06	HYPERCHOLESTEROLEMIA, FAMILIAL, 3
614190	7.29182755305521e-06	NA
602522	7.009462997785e-06	NA
615158	6.88605471901202e-06	NA
167800	6.63243553022647e-06	NA
605814	6.60707550780525e-06	NA
125853	6.58260252791766e-06	TYPE 2 DIABETES MELLITUS
602014	6.25859221082554e-06	NA
238600	3.85144351033179e-06	NA
613327	3.53721342825207e-06	NA
616214	3.36368103890438e-06	NA
614028	3.32380356143074e-06	NA
262190	3.04084214225693e-06	NA
602247	2.89355866499967e-06	NA
147630	2.29254931280693e-06	NA
108725	2.03627717716989e-06	NA
616329	1.97981985100787e-06	NA
277460	1.79656742926384e-06	NA
125852	1.69273858461871e-06	NA
191540	1.55403450175621e-06	NA
107741	1.41918218909876e-06	NA
144300	1.37758636024196e-06	NA
616511	1.36755417316342e-06	MATURITY-ONSET DIABETES OF THE YOUNG, TYPE 14
144650	1.27836644228179e-06	NA
207750	1.2657395334978e-06	NA
144600	1.20410040461009e-06	NA
144400	1.15344126641652e-06	NA
207780	1.08061370886029e-06	NA
144010	9.87125026181829e-07	HYPERCHOLESTEROLEMIA, FAMILIAL, 2
615954	9.75242443813107e-07	NA
152200	9.39235381590432e-07	NA
232220	9.18158078354412e-07	NA
608320	9.15717635052535e-07	NA
614025	8.7831037673431e-07	NA
615830	8.73464868901654e-07	NA
268040	8.22761113398154e-07	NA
219080	8.16109201769129e-07	NA
610475	8.16109201769129e-07	NA
610489	8.16109201769129e-07	NA
609734	7.96439371176291e-07	NA
615962	7.60871562694816e-07	NA
126900	7.34634984667046e-07	NA
240900	6.96828284715444e-07	NA
612520	6.85753181798341e-07	NA
136120	6.63098443525317e-07	NA
601666	6.04280905087676e-07	NA
613677	5.88479392929288e-07	NA
602025	5.84330785416256e-07	NA
615457	5.75444006994582e-07	NA
605019	5.68168256618324e-07	NA
190430	5.61365011438262e-07	NA
240600	5.40056278487219e-07	NA
304900	4.90723927907753e-07	NA
612780	4.25749466646716e-07	NA
223500	3.97448090268021e-07	NA
610374	3.75883485770104e-07	NA
215720	3.70166247148876e-07	NA
306000	3.26543809211964e-07	NA
607364	3.22915517272166e-07	NA
125800	3.21469671597981e-07	DIABETES INSIPIDUS, NEUROHYPOPHYSEAL, X-LINKED
601942	3.15258945303954e-07	NA
614496	3.10874168438549e-07	NA
601820	2.99148927969589e-07	NA
260370	2.97860167160771e-07	NA
610508	2.97038099126773e-07	MATURITY-ONSET DIABETES OF THE YOUNG, TYPE 7
615160	2.92880284156547e-07	NA
614492	2.80329239035267e-07	NA
260350	2.7622164889501e-07	NA
615947	2.71373544736448e-07	NA
614495	2.71324999466784e-07	NA
263800	2.57991910687628e-07	NA
615812	2.49031226904604e-07	NA
614662	2.48809474852931e-07	NA
143470	2.38428589576076e-07	NA
610600	2.34540475041339e-07	NA
601198	2.33608401588668e-07	NA
614491	2.26308345375726e-07	NA
600496	2.22412615794482e-07	MATURITY-ONSET DIABETES OF THE YOUNG, TYPE 3
154020	2.18245887203905e-07	NA
611718	2.16691126523778e-07	NA
613090	2.16262255616773e-07	NA
606392	2.15816676286122e-07	MATURITY-ONSET DIABETES OF THE YOUNG, TYPE 4
125851	2.15583182666282e-07	MATURITY-ONSET DIABETES OF THE YOUNG, TYPE 2
601678	2.10766755783017e-07	NA
125850	2.10205443406908e-07	MATURITY-ONSET DIABETES OF THE YOUNG
612227	2.01809560664385e-07	NA
241200	1.99767354113661e-07	NA
300200	1.98394023515252e-07	NA
103900	1.93890509084084e-07	NA
118830	1.90507184316103e-07	NA
606824	1.73081344666477e-07	NA
615751	1.72627178955209e-07	NA
232200	1.70018295707039e-07	NA
613370	1.68976893437191e-07	MATURITY-ONSET DIABETES OF THE YOUNG, TYPE 10
608189	1.6866176361544e-07	NA
600089	1.68228014940586e-07	NA
232240	1.67147744980308e-07	NA
616095	1.56941363071818e-07	NA
167755	1.53374541203984e-07	NA
177200	1.52790468673066e-07	NA
229500	1.527602719814e-07	NA
615026	1.51496407882689e-07	NA
610582	1.51282268815103e-07	NA
610021	1.50996007003603e-07	NA
612671	1.50985866677317e-07	NA
205400	1.47417045000973e-07	NA
601941	1.46959822468028e-07	NA
208300	1.45512579624133e-07	NA
614033	1.45112051974814e-07	NA
145260	1.44409111174621e-07	NA
300539	1.41623323685372e-07	NA
612225	1.40252623474323e-07	MATURITY-ONSET DIABETES OF THE YOUNG, TYPE 9
605115	1.38112668638215e-07	NA
605911	1.36864524694691e-07	NA
276700	1.35049829920406e-07	NA
609812	1.33666101070209e-07	MATURITY-ONSET DIABETES OF THE YOUNG, TYPE 8
171200	1.28740505994769e-07	NA
606394	1.28059168573459e-07	MATURITY-ONSET DIABETES OF THE YOUNG, TYPE 6
613347	1.24833488038117e-07	NA
167770	1.23197423980138e-07	NA
143860	1.22794389926574e-07	NA
613743	1.19592131700958e-07	NA
609975	1.14738677268793e-07	NA
103230	1.09482620656497e-07	NA
256450	1.07316352440011e-07	NA
609968	1.05432201046153e-07	NA
138900	1.03441542902736e-07	NA
609197	1.027603632059e-07	NA
191530	1.00271194201683e-07	NA
126150	1.00184019024988e-07	NA
615961	9.77276880879819e-08	NA
269200	9.57101562257382e-08	NA
229800	9.48167059677e-08	NA
245900	9.36494710328053e-08	NA
109160	9.09092860633691e-08	NA
260450	8.77120461250925e-08	NA
263600	8.39539431453175e-08	NA
209300	8.37321799275319e-08	NA
606762	8.06065848242145e-08	NA
174050	7.5201651146721e-08	NA
613886	7.4642013776788e-08	NA
607616	7.05807694386793e-08	NA
610199	6.82333074590535e-08	NA
557000	6.60070795936315e-08	NA
602485	6.57685674413702e-08	NA
200100	6.46085253091372e-08	NA
615558	6.46085253091372e-08	NA
177735	5.97577011273459e-08	NA
240150	5.65709673405677e-08	NA
602475	5.52141057997855e-08	NA
109600	5.4845234654071e-08	NA
179820	5.27288316609534e-08	NA
138040	5.22352481533382e-08	NA
150170	5.22107500915513e-08	NA
606528	4.94128742517199e-08	NA
600955	4.88482535642214e-08	NA
203400	4.86969174340427e-08	NA
232900	4.83933907775853e-08	NA
304800	4.4295491127151e-08	DIABETES INSIPIDUS, NEPHROGENIC, 1, X-LINKED
264350	4.18713729316536e-08	NA
241150	4.18642838842167e-08	NA
129840	4.10081934538958e-08	NA
305700	4.09164880845627e-08	NA
251120	3.72557523500116e-08	NA
218030	3.56821274422368e-08	NA
600952	3.56035432540614e-08	NA
240300	3.2677677952813e-08	NA
615517	2.95770118818611e-08	NA
210740	2.91189893706138e-08	NA
249599	2.91189893706138e-08	NA
601223	2.84169874213274e-08	NA
240200	2.82479816835746e-08	NA
194470	2.74933189182239e-08	NA
166700	2.69351754782927e-08	NA
209010	2.69351754782927e-08	NA
241080	2.69351754782927e-08	NA
560000	2.69351754782927e-08	NA
239350	2.64249133328625e-08	NA
214700	2.53929971226856e-08	NA
615361	2.24406351232322e-08	NA
145270	2.07171902746766e-08	NA
168820	1.98770998193637e-08	NA
177600	1.78448143040995e-08	NA
240800	1.53560726215531e-08	NA
124060	1.45709340537972e-08	NA
132810	1.45590360195968e-08	NA
239199	1.42188285466751e-08	NA
143880	1.39987551965364e-08	NA
602722	1.2379736596921e-08	NA
600166	1.16985794250158e-08	NA
212067	7.92903880958726e-09	NA
source	0	NA
target	0	NA
