DiseaseID	Score	DiseaseName
143890	2.03997021429724e-05	HYPERCHOLESTEROLEMIA, FAMILIAL, 1
601665	1.38610174048145e-05	NA
222100	1.36766669710681e-05	TYPE 1 DIABETES MELLITUS
601410	1.33702813901447e-05	TYPE 1 DIABETES MELLITUS 2
151660	7.68712859781749e-06	NA
269700	7.56688676989565e-06	NA
219090	7.42076698818293e-06	NA
608594	7.37802306718981e-06	NA
615474	7.34999016924897e-06	NA
605814	7.33902756220725e-06	NA
613375	7.33323016711832e-06	MATURITY-ONSET DIABETES OF THE YOUNG, TYPE 11
603813	7.32944827974263e-06	HYPERCHOLESTEROLEMIA, FAMILIAL, 4
616192	7.30153943280813e-06	NA
603776	7.13079676515817e-06	HYPERCHOLESTEROLEMIA, FAMILIAL, 3
610947	7.03067386987663e-06	NA
614190	6.96718171306341e-06	NA
602522	6.88837939555481e-06	NA
615158	6.86563260163079e-06	NA
614736	6.85816448014876e-06	NA
125853	6.744604282311e-06	TYPE 2 DIABETES MELLITUS
602014	6.66841167398458e-06	NA
615703	6.52474609002313e-06	NA
167800	6.49853020575408e-06	NA
144250	3.88696289629824e-06	NA
238600	3.48438673588583e-06	NA
125852	8.6643513653255e-07	NA
616214	7.90760706974568e-07	NA
614028	6.71481761436654e-07	NA
240900	6.68372067938406e-07	NA
602247	6.39308047022437e-07	NA
144650	6.01019069859433e-07	NA
602025	5.66037779821446e-07	NA
613677	5.63061846466238e-07	NA
615457	5.57455250452162e-07	NA
144300	5.52766874776424e-07	NA
190430	5.47534941742653e-07	NA
203800	5.47066682807889e-07	NA
107741	5.40512890453736e-07	NA
144400	5.38215520137132e-07	NA
612520	5.12195142671194e-07	NA
616511	4.9986215907972e-07	MATURITY-ONSET DIABETES OF THE YOUNG, TYPE 14
144010	4.92277195500233e-07	HYPERCHOLESTEROLEMIA, FAMILIAL, 2
304900	4.89812024492463e-07	NA
136120	4.69704740045621e-07	NA
605019	4.61846482737837e-07	NA
616329	4.58001106592671e-07	NA
207750	4.49410155439178e-07	NA
612780	4.36135029380539e-07	NA
262190	4.32028586006131e-07	NA
147630	4.29395770966686e-07	NA
108725	4.21526077714092e-07	NA
601666	4.19653804230969e-07	NA
613877	4.10970392155462e-07	NA
240600	4.09435520893693e-07	NA
277460	3.98934065833911e-07	NA
608600	3.98197440793669e-07	NA
145750	3.85966211404474e-07	NA
215720	3.81074000673201e-07	NA
612526	3.80617468879655e-07	NA
604367	3.77291703849167e-07	NA
615954	3.72531880163058e-07	NA
223500	3.62749756928375e-07	NA
608320	3.47291333065802e-07	NA
246200	3.30656851062866e-07	NA
125800	3.22635984609067e-07	DIABETES INSIPIDUS, NEUROHYPOPHYSEAL, X-LINKED
607364	3.17237855578669e-07	NA
610374	3.14804769425355e-07	NA
306000	2.96587564470238e-07	NA
615830	2.88777496039203e-07	NA
615238	2.87750989016591e-07	NA
614496	2.82074469831095e-07	NA
144600	2.7692875438419e-07	NA
263800	2.71760673310203e-07	NA
614492	2.71456679712635e-07	NA
219080	2.68414365808521e-07	NA
610475	2.68414365808521e-07	NA
610489	2.68414365808521e-07	NA
615962	2.62135118901098e-07	NA
614495	2.62109564031861e-07	NA
260370	2.58070732982209e-07	NA
601198	2.47442624854177e-07	NA
260350	2.45089652765619e-07	NA
154020	2.32300485629973e-07	NA
610600	2.30755729896407e-07	NA
611718	2.29419426194528e-07	NA
601942	2.18327929309774e-07	NA
614491	2.17617666261923e-07	NA
608709	2.15828177794872e-07	NA
613090	2.12668457529609e-07	NA
601678	2.08398790328616e-07	NA
601820	2.05572289572712e-07	NA
610508	2.05099243316164e-07	MATURITY-ONSET DIABETES OF THE YOUNG, TYPE 7
615160	2.04852520164634e-07	NA
241200	1.97840788838768e-07	NA
103900	1.90409745508839e-07	NA
300200	1.8983758435397e-07	NA
125851	1.88627275098521e-07	MATURITY-ONSET DIABETES OF THE YOUNG, TYPE 2
125850	1.87350557147824e-07	MATURITY-ONSET DIABETES OF THE YOUNG
152200	1.63332900247855e-07	NA
606824	1.61106031060037e-07	NA
118830	1.53882984542367e-07	NA
615812	1.50141729850837e-07	NA
143470	1.49446802264086e-07	NA
177200	1.47128996869578e-07	NA
615947	1.45141934216157e-07	NA
606392	1.42642979783908e-07	MATURITY-ONSET DIABETES OF THE YOUNG, TYPE 4
145260	1.3943285860821e-07	NA
613327	1.39355187398223e-07	NA
300539	1.38461933276045e-07	NA
600496	1.3406256227111e-07	MATURITY-ONSET DIABETES OF THE YOUNG, TYPE 3
191540	1.32928474901571e-07	NA
614025	1.2918004122239e-07	NA
606721	1.28888459742819e-07	NA
608189	1.27405413724424e-07	NA
143860	1.25298983230605e-07	NA
600089	1.22645096287199e-07	NA
610582	1.20396107422473e-07	NA
605115	1.1995947294577e-07	NA
612227	1.18302614004705e-07	NA
229500	1.16915011678698e-07	NA
613743	1.15156750908468e-07	NA
167755	1.09249633978478e-07	NA
613370	1.08552637882006e-07	MATURITY-ONSET DIABETES OF THE YOUNG, TYPE 10
616095	1.03570535612113e-07	NA
612671	1.03123040878865e-07	NA
103230	1.02806911477229e-07	NA
232220	1.02363460616381e-07	NA
126900	1.01792633803752e-07	NA
605911	1.00640394786226e-07	NA
614662	1.00051069335494e-07	NA
612225	9.96811565507092e-08	MATURITY-ONSET DIABETES OF THE YOUNG, TYPE 9
276700	9.89655288079537e-08	NA
171200	9.73748768955039e-08	NA
609812	9.72561667439131e-08	MATURITY-ONSET DIABETES OF THE YOUNG, TYPE 8
151800	9.68800116888835e-08	NA
208300	9.5718135580075e-08	NA
126150	9.49585262069469e-08	NA
191530	9.47640586031191e-08	NA
615751	9.42389553478785e-08	NA
613347	9.39737742411043e-08	NA
614033	9.22464115148714e-08	NA
615026	9.1614967318722e-08	NA
606394	9.07614141803897e-08	MATURITY-ONSET DIABETES OF THE YOUNG, TYPE 6
167770	9.03794923763924e-08	NA
609975	8.66401468390107e-08	NA
268040	8.47685475922194e-08	NA
609734	8.4404286336556e-08	NA
229800	8.34028886725275e-08	NA
269200	8.32312483888147e-08	NA
260450	8.27020592184501e-08	NA
209300	7.96281712721579e-08	NA
263600	7.75974500140777e-08	NA
609197	7.75680173785508e-08	NA
232200	7.56276115869627e-08	NA
613886	7.24936203957863e-08	NA
174050	7.19903428369696e-08	NA
138900	6.21815027289952e-08	NA
177735	5.71570508761637e-08	NA
601941	5.7021507239277e-08	NA
205400	5.45429638951827e-08	NA
557000	5.30681150054888e-08	NA
240150	5.04831055711775e-08	NA
610021	4.83511260764485e-08	NA
203400	4.78205921722576e-08	NA
256450	4.51150200974466e-08	NA
304800	4.37548783382129e-08	DIABETES INSIPIDUS, NEPHROGENIC, 1, X-LINKED
241150	4.23376727394438e-08	NA
609968	4.20229975790838e-08	NA
305700	3.94544477934012e-08	NA
264350	3.91701534401125e-08	NA
615961	3.85080931504861e-08	NA
232240	3.81047496719897e-08	NA
245900	3.62144993223625e-08	NA
251120	3.49389118809494e-08	NA
218030	3.35484627859818e-08	NA
610199	3.11250234222767e-08	NA
138040	3.08246278071121e-08	NA
207780	3.07956371717112e-08	NA
129840	2.99835388672508e-08	NA
109160	2.95151349262862e-08	NA
615517	2.75369280062144e-08	NA
240200	2.69342171115078e-08	NA
602485	2.67335964515633e-08	NA
239350	2.62966231873865e-08	NA
109600	2.57300409091642e-08	NA
607616	2.54503255284931e-08	NA
214700	2.49336958411458e-08	NA
179820	2.31955239493208e-08	NA
615361	2.31171342822391e-08	NA
606528	2.28732513269387e-08	NA
602475	2.20958487251554e-08	NA
240300	2.16185162784923e-08	NA
601223	2.14118167192441e-08	NA
194470	2.09847787286212e-08	NA
606762	1.98979571104282e-08	NA
600955	1.85338336246766e-08	NA
200100	1.84926139994828e-08	NA
615558	1.84926139994828e-08	NA
210740	1.79725800578815e-08	NA
249599	1.79725800578815e-08	NA
166700	1.66247411744087e-08	NA
209010	1.66247411744087e-08	NA
241080	1.66247411744087e-08	NA
560000	1.66247411744087e-08	NA
600952	1.65934525985876e-08	NA
168820	1.53644595784418e-08	NA
145270	1.40252757313574e-08	NA
150170	1.39757648550671e-08	NA
143880	1.39393447733976e-08	NA
177600	1.37344986514953e-08	NA
239199	1.28583799370575e-08	NA
124060	1.1234355634477e-08	NA
602722	1.05318156876074e-08	NA
132810	9.83139301701501e-09	NA
232900	9.12101136817823e-09	NA
600166	8.70735257871345e-09	NA
240800	6.8613729085428e-09	NA
212067	6.02218456950115e-09	NA
source	0	NA
target	0	NA
