DiseaseID	Score	DiseaseName
601410	0.00206931171380262	TYPE 1 DIABETES MELLITUS 2
614736	3.39533641956259e-05	NA
616214	3.25823931761131e-05	NA
125852	3.14229103155111e-05	NA
612520	2.91106618783161e-05	NA
601666	2.86293925932366e-05	NA
601942	2.74031917041202e-05	NA
610374	2.70745055476831e-05	NA
223500	2.66300764724747e-05	NA
615954	2.6609530120041e-05	NA
262190	2.66012069929555e-05	NA
260370	2.62150109858435e-05	NA
300200	2.61332923345292e-05	NA
143890	2.0563193130916e-05	HYPERCHOLESTEROLEMIA, FAMILIAL, 1
222100	1.48676190716358e-05	TYPE 1 DIABETES MELLITUS
601665	1.34475738405602e-05	NA
616192	1.03350013679908e-05	NA
608594	8.25902250567863e-06	NA
219090	8.14424933831747e-06	NA
613375	8.12765285481617e-06	MATURITY-ONSET DIABETES OF THE YOUNG, TYPE 11
167800	8.11738544688174e-06	NA
615158	8.0722628429819e-06	NA
614190	7.85027679009295e-06	NA
269700	7.81751109162811e-06	NA
603813	7.62478468314084e-06	HYPERCHOLESTEROLEMIA, FAMILIAL, 4
610947	7.51321937690038e-06	NA
615703	7.43625603152684e-06	NA
151660	7.38668070439993e-06	NA
605814	7.3265609066402e-06	NA
125853	7.20833270511025e-06	TYPE 2 DIABETES MELLITUS
602522	7.17850320675323e-06	NA
615474	7.11189884106907e-06	NA
603776	7.0175430441972e-06	HYPERCHOLESTEROLEMIA, FAMILIAL, 3
602014	6.51680204875733e-06	NA
616511	4.36525653751049e-06	MATURITY-ONSET DIABETES OF THE YOUNG, TYPE 14
616329	4.09104157931144e-06	NA
144250	3.87576555009078e-06	NA
238600	3.47059478945391e-06	NA
147630	2.47040020160314e-06	NA
601941	2.02442531980488e-06	NA
240600	2.01092728367854e-06	NA
606392	1.92944286503209e-06	MATURITY-ONSET DIABETES OF THE YOUNG, TYPE 4
601820	1.85082461628331e-06	NA
612227	1.81724041758751e-06	NA
615961	1.79248118876847e-06	NA
614662	1.78442822218775e-06	NA
600496	1.76088487945764e-06	MATURITY-ONSET DIABETES OF THE YOUNG, TYPE 3
557000	1.70093712734826e-06	NA
600089	1.68802544058587e-06	NA
246200	1.67288224738923e-06	NA
203800	1.63833911987883e-06	NA
607364	1.5316145677011e-06	NA
610199	1.49476338114668e-06	NA
610600	1.42564843497377e-06	NA
615830	1.42479359644708e-06	NA
605911	1.39871623494134e-06	NA
167755	1.3330773897817e-06	NA
613743	1.32689509808915e-06	NA
219080	1.30862428106455e-06	NA
610475	1.30862428106455e-06	NA
610489	1.30862428106455e-06	NA
103230	1.29344454367407e-06	NA
610508	1.21760880433554e-06	MATURITY-ONSET DIABETES OF THE YOUNG, TYPE 7
203400	1.20566419177211e-06	NA
600955	1.202613521538e-06	NA
240900	1.1563247984454e-06	NA
260350	1.11676045804857e-06	NA
608189	1.1089348625467e-06	NA
610582	1.03277750596859e-06	NA
615160	1.01006001291296e-06	NA
269200	1.00728948249705e-06	NA
256450	1.00229455333002e-06	NA
610021	9.78464396131187e-07	NA
602485	9.77425305381094e-07	NA
608600	9.46209073118596e-07	NA
207780	9.28981319482267e-07	NA
210740	9.26796133826131e-07	NA
249599	9.26796133826131e-07	NA
240300	9.17723779969603e-07	NA
609968	8.7856422693502e-07	NA
613370	8.76720093421721e-07	MATURITY-ONSET DIABETES OF THE YOUNG, TYPE 10
614033	8.72122223303915e-07	NA
166700	8.57286446456457e-07	NA
209010	8.57286446456457e-07	NA
241080	8.57286446456457e-07	NA
560000	8.57286446456457e-07	NA
107741	8.00241341702962e-07	NA
229500	7.99839097652735e-07	NA
229800	7.6798791877733e-07	NA
215720	7.65361745415684e-07	NA
609197	7.37771514655178e-07	NA
604367	7.28178698414308e-07	NA
614028	7.05487658499551e-07	NA
125851	7.00535789645324e-07	MATURITY-ONSET DIABETES OF THE YOUNG, TYPE 2
613677	6.75627078259991e-07	NA
602247	6.64701244628931e-07	NA
125850	6.60776256281761e-07	MATURITY-ONSET DIABETES OF THE YOUNG
129840	6.44181449782931e-07	NA
602475	6.28595267083426e-07	NA
612225	6.22920512612573e-07	MATURITY-ONSET DIABETES OF THE YOUNG, TYPE 9
144650	6.14996985451974e-07	NA
615962	6.06826998854668e-07	NA
606394	5.98556653316153e-07	MATURITY-ONSET DIABETES OF THE YOUNG, TYPE 6
606824	5.91349737100323e-07	NA
602025	5.79055364180337e-07	NA
615457	5.68421620464644e-07	NA
304900	5.60742210991963e-07	NA
144300	5.58298280786648e-07	NA
190430	5.56156643045698e-07	NA
612780	5.56050556133732e-07	NA
144400	5.45438553031549e-07	NA
613877	5.35901263674866e-07	NA
263600	5.34950295697881e-07	NA
171200	5.2817123346562e-07	NA
616095	5.21032379145982e-07	NA
615751	5.12825258413491e-07	NA
144010	5.05722841902701e-07	HYPERCHOLESTEROLEMIA, FAMILIAL, 2
609734	4.97316326489424e-07	NA
136120	4.84178514974823e-07	NA
605019	4.73704829123435e-07	NA
179820	4.71153185957194e-07	NA
609975	4.68531228529593e-07	NA
207750	4.60778974646887e-07	NA
108725	4.58789051312402e-07	NA
612526	4.37516163296736e-07	NA
615026	4.35222177258684e-07	NA
125800	4.23402427506131e-07	DIABETES INSIPIDUS, NEUROHYPOPHYSEAL, X-LINKED
277460	4.05433992776504e-07	NA
606762	4.05406586123365e-07	NA
606528	4.03374848622156e-07	NA
145750	4.01510412277683e-07	NA
600166	3.95929092594997e-07	NA
126900	3.92321351782003e-07	NA
608320	3.67598487715431e-07	NA
614496	3.58867324946168e-07	NA
613090	3.33571614041474e-07	NA
615238	3.31413054213296e-07	NA
600952	3.31036371497996e-07	NA
306000	3.10819999612428e-07	NA
614492	3.07499906573735e-07	NA
263800	3.04921132775126e-07	NA
614495	3.03014255811874e-07	NA
601678	3.0198780124612e-07	NA
144600	2.94220404567642e-07	NA
609812	2.83434682931729e-07	MATURITY-ONSET DIABETES OF THE YOUNG, TYPE 8
103900	2.73134952016307e-07	NA
241200	2.70949441579089e-07	NA
601198	2.69426691880644e-07	NA
614491	2.60663697004646e-07	NA
611718	2.38725835966201e-07	NA
608709	2.36953774631816e-07	NA
118830	2.32101451085345e-07	NA
154020	2.30011952271614e-07	NA
191540	2.22608097975673e-07	NA
177200	2.09471659503564e-07	NA
300539	2.08791346875065e-07	NA
143860	2.0693497870486e-07	NA
615812	2.05758478198514e-07	NA
167770	1.96284954362567e-07	NA
613347	1.85731009930294e-07	NA
208300	1.80972584060471e-07	NA
177735	1.79784006011217e-07	NA
264350	1.79470121868833e-07	NA
152200	1.71100756959887e-07	NA
613327	1.68686670935432e-07	NA
143470	1.65463124504584e-07	NA
605115	1.63006768105394e-07	NA
268040	1.61827759927432e-07	NA
615947	1.58532426736152e-07	NA
145260	1.54204041248438e-07	NA
276700	1.4588160598333e-07	NA
260450	1.45183551336979e-07	NA
606721	1.41531058940936e-07	NA
209300	1.3712920426288e-07	NA
232220	1.37064675390605e-07	NA
612671	1.36218419585825e-07	NA
614025	1.32442285251657e-07	NA
251120	1.32277426331182e-07	NA
151800	1.32089725192105e-07	NA
109160	1.2777623019191e-07	NA
126150	1.2678084023778e-07	NA
304800	1.22878479998264e-07	DIABETES INSIPIDUS, NEPHROGENIC, 1, X-LINKED
109600	1.22126988816891e-07	NA
191530	1.20261670222173e-07	NA
240800	1.15344137834438e-07	NA
174050	1.08929137351676e-07	NA
218030	8.76670966406238e-08	NA
232200	8.10164794632104e-08	NA
214700	7.95572634003351e-08	NA
138900	7.76175258828768e-08	NA
241150	7.60632467444308e-08	NA
613886	7.38828160175237e-08	NA
194470	7.27952650012295e-08	NA
601223	7.24183506618214e-08	NA
239199	5.88500065841265e-08	NA
239350	5.85771057890884e-08	NA
240200	5.80695418807927e-08	NA
132810	5.77810642600805e-08	NA
205400	5.64349671349592e-08	NA
305700	5.32504040204385e-08	NA
602722	5.30894716851665e-08	NA
177600	5.26608196669299e-08	NA
240150	5.17024924302631e-08	NA
212067	5.0076449561213e-08	NA
138040	4.9331497239902e-08	NA
232240	4.43185736801213e-08	NA
145270	4.37833594882553e-08	NA
150170	4.14920268519786e-08	NA
168820	3.91542959294799e-08	NA
615517	3.89615368473237e-08	NA
245900	3.72380536531717e-08	NA
124060	2.83502125814036e-08	NA
615361	2.79868622003285e-08	NA
607616	2.63294309187501e-08	NA
143880	2.03041793340828e-08	NA
200100	1.91678592833534e-08	NA
615558	1.91678592833534e-08	NA
232900	1.36817642901637e-08	NA
source	0	NA
target	0	NA
