DiseaseID	Score	DiseaseName
143890	2.03685263516759e-05	HYPERCHOLESTEROLEMIA, FAMILIAL, 1
601410	1.47340584342951e-05	TYPE 1 DIABETES MELLITUS 2
601665	1.39456295456631e-05	NA
222100	1.33297239807416e-05	TYPE 1 DIABETES MELLITUS
613375	7.99476541890139e-06	MATURITY-ONSET DIABETES OF THE YOUNG, TYPE 11
603813	7.5858868024402e-06	HYPERCHOLESTEROLEMIA, FAMILIAL, 4
269700	7.55756147277628e-06	NA
610947	7.49660458462461e-06	NA
151660	7.35078290093278e-06	NA
603776	7.29152882971579e-06	HYPERCHOLESTEROLEMIA, FAMILIAL, 3
616192	7.27312177133681e-06	NA
614736	7.27294425983623e-06	NA
615474	7.26843120803827e-06	NA
615703	7.26759089731587e-06	NA
608594	7.17532873460402e-06	NA
614190	7.11507700222982e-06	NA
602522	6.89072615891757e-06	NA
602014	6.86600862838417e-06	NA
167800	6.74751538146203e-06	NA
219090	6.72963141626766e-06	NA
125853	6.62833557687879e-06	TYPE 2 DIABETES MELLITUS
605814	6.45827056567929e-06	NA
615158	6.43468640685204e-06	NA
144250	4.00789529514354e-06	NA
238600	3.60679596993665e-06	NA
125852	8.76759231546229e-07	NA
616214	8.04269317245684e-07	NA
240900	6.83417686655064e-07	NA
614028	6.60917638245702e-07	NA
602247	6.46417792144994e-07	NA
144650	5.86589253047878e-07	NA
602025	5.76021322839531e-07	NA
615457	5.67274636963486e-07	NA
144300	5.57857981582052e-07	NA
190430	5.56918088891773e-07	NA
613677	5.5538931745797e-07	NA
107741	5.52290168189095e-07	NA
144400	5.4279043902079e-07	NA
612520	5.36625235357497e-07	NA
203800	5.36114183713951e-07	NA
616511	5.07729325733844e-07	MATURITY-ONSET DIABETES OF THE YOUNG, TYPE 14
144010	4.96664957545139e-07	HYPERCHOLESTEROLEMIA, FAMILIAL, 2
304900	4.8237336669743e-07	NA
136120	4.70434938962325e-07	NA
616329	4.69166310006349e-07	NA
207750	4.53177858616167e-07	NA
605019	4.47224423615033e-07	NA
262190	4.45731316267468e-07	NA
612780	4.42787570129017e-07	NA
108725	4.39163533837336e-07	NA
601666	4.37644705600789e-07	NA
147630	4.26661010668314e-07	NA
613877	4.11721870158801e-07	NA
277460	4.0009048659132e-07	NA
240600	3.99353609086309e-07	NA
145750	3.93983024785747e-07	NA
608600	3.90974798155452e-07	NA
223500	3.79274682976416e-07	NA
615954	3.74574660902146e-07	NA
612526	3.7370966256207e-07	NA
604367	3.70822666618498e-07	NA
215720	3.65674890400571e-07	NA
608320	3.65238741041435e-07	NA
610374	3.31228774008337e-07	NA
246200	3.24731677503071e-07	NA
607364	3.17090087141198e-07	NA
125800	3.1486605530535e-07	DIABETES INSIPIDUS, NEUROHYPOPHYSEAL, X-LINKED
615238	2.88438013139116e-07	NA
144600	2.87656155279868e-07	NA
263800	2.78361549245961e-07	NA
614496	2.7832657636932e-07	NA
260370	2.78082285776495e-07	NA
615830	2.76246601600808e-07	NA
306000	2.71360240977676e-07	NA
614492	2.68176397181963e-07	NA
614495	2.58946554808202e-07	NA
219080	2.5552334812874e-07	NA
610475	2.5552334812874e-07	NA
610489	2.5552334812874e-07	NA
601198	2.54247886445867e-07	NA
615962	2.4825188221092e-07	NA
260350	2.45562321233021e-07	NA
154020	2.39107245575345e-07	NA
601942	2.36361541640897e-07	NA
611718	2.35912572024147e-07	NA
610600	2.3136803333154e-07	NA
601820	2.18379620753366e-07	NA
614491	2.1788092822547e-07	NA
613090	2.1262919969118e-07	NA
608709	2.11871690544882e-07	NA
610508	2.10604919422977e-07	MATURITY-ONSET DIABETES OF THE YOUNG, TYPE 7
601678	2.08897132801478e-07	NA
300200	2.07228043685742e-07	NA
615160	2.06445236299763e-07	NA
241200	1.98416332674712e-07	NA
125851	1.93202174553309e-07	MATURITY-ONSET DIABETES OF THE YOUNG, TYPE 2
125850	1.92118131756142e-07	MATURITY-ONSET DIABETES OF THE YOUNG
103900	1.90565842809468e-07	NA
152200	1.71761296012445e-07	NA
606824	1.62850875106488e-07	NA
615812	1.59193020467216e-07	NA
118830	1.58848261174119e-07	NA
615947	1.54766212728108e-07	NA
143470	1.51108607157749e-07	NA
177200	1.45729489349033e-07	NA
606392	1.43193939052705e-07	MATURITY-ONSET DIABETES OF THE YOUNG, TYPE 4
191540	1.38610233690495e-07	NA
145260	1.3799872408444e-07	NA
300539	1.37542720348732e-07	NA
613327	1.36333566848099e-07	NA
600496	1.33919556938793e-07	MATURITY-ONSET DIABETES OF THE YOUNG, TYPE 3
614025	1.33128125217948e-07	NA
608189	1.32120959602062e-07	NA
606721	1.24871356413715e-07	NA
143860	1.22674346038303e-07	NA
600089	1.2233277851846e-07	NA
612227	1.22007256511436e-07	NA
610582	1.20143317336133e-07	NA
605115	1.1887915752957e-07	NA
613743	1.17878539708696e-07	NA
613370	1.15173405441527e-07	MATURITY-ONSET DIABETES OF THE YOUNG, TYPE 10
229500	1.13357330332173e-07	NA
167755	1.13186503498461e-07	NA
612671	1.09276041168162e-07	NA
614662	1.06592914656505e-07	NA
612225	1.06242566464187e-07	MATURITY-ONSET DIABETES OF THE YOUNG, TYPE 9
103230	1.05436323951511e-07	NA
232220	1.0453340493983e-07	NA
609812	1.00707749400331e-07	MATURITY-ONSET DIABETES OF THE YOUNG, TYPE 8
126900	1.00273468014858e-07	NA
605911	9.96263366322994e-08	NA
171200	9.94047167343941e-08	NA
616095	9.8932194354714e-08	NA
208300	9.85973093917295e-08	NA
126150	9.72194025465615e-08	NA
613347	9.70846610249147e-08	NA
191530	9.70626630555726e-08	NA
606394	9.69840716813095e-08	MATURITY-ONSET DIABETES OF THE YOUNG, TYPE 6
276700	9.63464873245617e-08	NA
167770	9.34958123505647e-08	NA
151800	9.31355749616903e-08	NA
268040	9.19749834455651e-08	NA
615751	9.04668841617636e-08	NA
609734	9.02717586105435e-08	NA
614033	8.94362677123442e-08	NA
615026	8.77996223316454e-08	NA
269200	8.63000447272609e-08	NA
260450	8.56632496121236e-08	NA
609975	8.37126276406432e-08	NA
209300	8.24800205006023e-08	NA
229800	8.00995841242413e-08	NA
232200	7.79363388241614e-08	NA
174050	7.47175700218036e-08	NA
609197	7.42808090727357e-08	NA
263600	7.41919890742504e-08	NA
613886	7.3757993366823e-08	NA
138900	6.22619691045179e-08	NA
601941	5.82937063318167e-08	NA
177735	5.67164934770952e-08	NA
205400	5.46769021141658e-08	NA
557000	5.34870638462585e-08	NA
240150	5.20737509835383e-08	NA
610021	4.96195958978511e-08	NA
203400	4.81783934158603e-08	NA
256450	4.65416651247865e-08	NA
304800	4.32473763485456e-08	DIABETES INSIPIDUS, NEPHROGENIC, 1, X-LINKED
609968	4.25216586346877e-08	NA
241150	4.24999057238367e-08	NA
305700	4.02391668058205e-08	NA
615961	3.97256282983332e-08	NA
264350	3.8999411628383e-08	NA
232240	3.85670543362325e-08	NA
245900	3.59867794244242e-08	NA
251120	3.39756763833408e-08	NA
218030	3.32341810020135e-08	NA
610199	3.22104674429905e-08	NA
207780	3.10674073715998e-08	NA
109160	3.03703302260139e-08	NA
129840	3.01645133317397e-08	NA
138040	3.01376765817561e-08	NA
615517	2.74833385743328e-08	NA
602485	2.71188269424642e-08	NA
240200	2.66949416183691e-08	NA
109600	2.63146719083522e-08	NA
239350	2.62396945346794e-08	NA
607616	2.51311070946771e-08	NA
214700	2.48019717277679e-08	NA
179820	2.38354558559561e-08	NA
615361	2.35272445733678e-08	NA
606528	2.32680917094134e-08	NA
602475	2.26207211708583e-08	NA
240300	2.23283507790162e-08	NA
601223	2.20139839499794e-08	NA
194470	2.16016514098378e-08	NA
606762	1.99925951635477e-08	NA
600955	1.97791008833112e-08	NA
210740	1.85409116515501e-08	NA
249599	1.85409116515501e-08	NA
200100	1.81227141460938e-08	NA
615558	1.81227141460938e-08	NA
166700	1.71504475902526e-08	NA
209010	1.71504475902526e-08	NA
241080	1.71504475902526e-08	NA
560000	1.71504475902526e-08	NA
600952	1.66353815113194e-08	NA
168820	1.57023390516516e-08	NA
145270	1.4348604738981e-08	NA
150170	1.43347860559022e-08	NA
177600	1.40951655187064e-08	NA
143880	1.37182877043066e-08	NA
239199	1.28875347369686e-08	NA
124060	1.14885344319836e-08	NA
602722	1.05669714697776e-08	NA
132810	9.88607302518036e-09	NA
232900	9.41989259505023e-09	NA
600166	8.9982708976994e-09	NA
240800	6.85762862317802e-09	NA
212067	5.7992038728319e-09	NA
source	0	NA
target	0	NA
