DiseaseID	Score	DiseaseName
143890	2.14161479542649e-05	HYPERCHOLESTEROLEMIA, FAMILIAL, 1
601410	1.44619144200901e-05	TYPE 1 DIABETES MELLITUS 2
601665	1.38729650591043e-05	NA
222100	1.33260944264787e-05	TYPE 1 DIABETES MELLITUS
610947	7.67899957207277e-06	NA
603813	7.61094504216568e-06	HYPERCHOLESTEROLEMIA, FAMILIAL, 4
219090	7.55373722090901e-06	NA
616192	7.34993959339913e-06	NA
167800	7.32498570441584e-06	NA
613375	7.304468994345e-06	MATURITY-ONSET DIABETES OF THE YOUNG, TYPE 11
151660	7.27828854274724e-06	NA
615474	7.16436156601236e-06	NA
269700	7.1138445682444e-06	NA
615158	7.10317486517484e-06	NA
615703	7.02967645557263e-06	NA
608594	6.97373286588822e-06	NA
614736	6.92894078426678e-06	NA
605814	6.78065041948292e-06	NA
603776	6.72927436263497e-06	HYPERCHOLESTEROLEMIA, FAMILIAL, 3
614190	6.7244907585694e-06	NA
602522	6.62615700038867e-06	NA
125853	6.38955779264917e-06	TYPE 2 DIABETES MELLITUS
602014	6.38459679269783e-06	NA
144250	4.16665995500705e-06	NA
238600	3.75064139695454e-06	NA
125852	8.72254897033418e-07	NA
616214	8.01496211297541e-07	NA
240900	6.6948756541006e-07	NA
614028	6.67062622420011e-07	NA
602247	6.61858995889532e-07	NA
144650	5.92352780660133e-07	NA
144300	5.70440275630113e-07	NA
107741	5.68913162433646e-07	NA
602025	5.66511388753422e-07	NA
615457	5.57919496115448e-07	NA
144400	5.53640967574027e-07	NA
613677	5.4788486757878e-07	NA
190430	5.47726496978584e-07	NA
203800	5.37796711181501e-07	NA
612520	5.36985068249175e-07	NA
144010	5.16408227723369e-07	HYPERCHOLESTEROLEMIA, FAMILIAL, 2
616511	5.05342297737775e-07	MATURITY-ONSET DIABETES OF THE YOUNG, TYPE 14
136120	4.91195276009837e-07	NA
304900	4.75061333522131e-07	NA
207750	4.74360049893564e-07	NA
616329	4.61051074435825e-07	NA
605019	4.48042923727486e-07	NA
108725	4.36378148570546e-07	NA
601666	4.36112976037276e-07	NA
147630	4.3307893802122e-07	NA
262190	4.32345188294341e-07	NA
612780	4.18921118280291e-07	NA
277460	4.16427210646846e-07	NA
240600	4.04235452974405e-07	NA
145750	3.9983132332854e-07	NA
613877	3.97806620975479e-07	NA
615954	3.88911991803174e-07	NA
608600	3.78811853906656e-07	NA
223500	3.77735874718707e-07	NA
215720	3.64806087807606e-07	NA
612526	3.61791194236178e-07	NA
608320	3.59267010185004e-07	NA
604367	3.58991206660585e-07	NA
610374	3.24406407134688e-07	NA
125800	3.14192006779241e-07	DIABETES INSIPIDUS, NEUROHYPOPHYSEAL, X-LINKED
246200	3.14086066335212e-07	NA
607364	3.07574006508908e-07	NA
144600	2.9390901637012e-07	NA
615830	2.89434279423222e-07	NA
306000	2.83759467772029e-07	NA
615238	2.81178902957969e-07	NA
260370	2.806982605992e-07	NA
614496	2.78113512311321e-07	NA
219080	2.68704153353125e-07	NA
610475	2.68704153353125e-07	NA
610489	2.68704153353125e-07	NA
614492	2.67318620374631e-07	NA
615962	2.62169220135788e-07	NA
263800	2.60617638734631e-07	NA
614495	2.58394200951433e-07	NA
260350	2.53649324409545e-07	NA
601198	2.37042775105346e-07	NA
601942	2.32797627216116e-07	NA
610600	2.23305192664722e-07	NA
154020	2.22442236499929e-07	NA
611718	2.19838593777716e-07	NA
614491	2.11451617407949e-07	NA
615160	2.08372390919459e-07	NA
601820	2.0773380133525e-07	NA
613090	2.0506440861225e-07	NA
608709	2.03699657216908e-07	NA
300200	2.02894893236142e-07	NA
610508	2.01250254026339e-07	MATURITY-ONSET DIABETES OF THE YOUNG, TYPE 7
601678	2.00636097051633e-07	NA
241200	1.90379899057376e-07	NA
125851	1.83701519176023e-07	MATURITY-ONSET DIABETES OF THE YOUNG, TYPE 2
103900	1.82500394254152e-07	NA
125850	1.82148340627933e-07	MATURITY-ONSET DIABETES OF THE YOUNG
152200	1.75920168967935e-07	NA
118830	1.68781643904862e-07	NA
606824	1.64171186498104e-07	NA
615812	1.56745263995751e-07	NA
615947	1.55067978230155e-07	NA
143470	1.45454390602117e-07	NA
177200	1.43340907997848e-07	NA
191540	1.41203525887538e-07	NA
608189	1.40979874344426e-07	NA
606392	1.39110804160609e-07	MATURITY-ONSET DIABETES OF THE YOUNG, TYPE 4
145260	1.35950520799201e-07	NA
614025	1.35917414352677e-07	NA
300539	1.34661627238627e-07	NA
613327	1.32414506158613e-07	NA
600496	1.29716732505971e-07	MATURITY-ONSET DIABETES OF THE YOUNG, TYPE 3
612227	1.28151373301266e-07	NA
606721	1.2445077401353e-07	NA
167755	1.1980841247429e-07	NA
600089	1.19566497561259e-07	NA
143860	1.19384748022764e-07	NA
229500	1.190196467018e-07	NA
605115	1.16936885575771e-07	NA
610582	1.16387887498985e-07	NA
613743	1.12011903947885e-07	NA
612671	1.11370930023572e-07	NA
613370	1.08494804539534e-07	MATURITY-ONSET DIABETES OF THE YOUNG, TYPE 10
232220	1.07630707129547e-07	NA
609812	1.07587094913956e-07	MATURITY-ONSET DIABETES OF THE YOUNG, TYPE 8
208300	1.05856624045382e-07	NA
616095	1.05561243213629e-07	NA
613347	1.04594668971035e-07	NA
167770	1.00748607671381e-07	NA
103230	1.00114218739672e-07	NA
614662	1.00049494076102e-07	NA
612225	9.96126678383168e-08	MATURITY-ONSET DIABETES OF THE YOUNG, TYPE 9
605911	9.84595984253515e-08	NA
276700	9.77330212226684e-08	NA
126900	9.69258691215933e-08	NA
615751	9.66022531108767e-08	NA
171200	9.4574987478018e-08	NA
614033	9.4402536144938e-08	NA
615026	9.39312801594731e-08	NA
260450	9.26125929171724e-08	NA
151800	9.22300550099406e-08	NA
269200	9.20479592026929e-08	NA
606394	9.02284776617079e-08	MATURITY-ONSET DIABETES OF THE YOUNG, TYPE 6
191530	9.00592319213471e-08	NA
126150	9.00082545805604e-08	NA
268040	8.94664618352994e-08	NA
209300	8.92015549187357e-08	NA
609975	8.80353000449275e-08	NA
229800	8.54474740914384e-08	NA
609734	8.39388400043283e-08	NA
174050	8.095638109611e-08	NA
232200	8.06837291476228e-08	NA
609197	7.98459118846512e-08	NA
263600	7.97247827669397e-08	NA
613886	7.25408545013577e-08	NA
138900	6.22469367992571e-08	NA
601941	5.77589176351058e-08	NA
205400	5.58930378105188e-08	NA
177735	5.55833345611222e-08	NA
240150	5.40768762922125e-08	NA
557000	5.35675085255201e-08	NA
610021	4.96635765359273e-08	NA
203400	4.71272018069588e-08	NA
256450	4.59981259344607e-08	NA
304800	4.23805924071011e-08	DIABETES INSIPIDUS, NEPHROGENIC, 1, X-LINKED
609968	4.2207827762384e-08	NA
241150	4.08658914545587e-08	NA
232240	3.97127035035212e-08	NA
305700	3.9502630709211e-08	NA
615961	3.94651049072062e-08	NA
264350	3.81326483753955e-08	NA
245900	3.6749123783959e-08	NA
251120	3.41903820283254e-08	NA
218030	3.27672226943815e-08	NA
610199	3.19825328160476e-08	NA
207780	3.05621850600202e-08	NA
138040	3.04204248530072e-08	NA
109160	2.98827844835658e-08	NA
129840	2.97537433466529e-08	NA
602485	2.71420815993126e-08	NA
615517	2.69517716967394e-08	NA
240200	2.64271565924101e-08	NA
607616	2.56764404713319e-08	NA
109600	2.54861350082592e-08	NA
239350	2.54379999874709e-08	NA
214700	2.4104201776207e-08	NA
606528	2.32317341584578e-08	NA
179820	2.31208357145266e-08	NA
240300	2.26242443244233e-08	NA
602475	2.24810840814179e-08	NA
615361	2.22003855347653e-08	NA
601223	2.11897480385353e-08	NA
194470	2.06518271954875e-08	NA
606762	2.03098730729565e-08	NA
600955	1.90876561367772e-08	NA
210740	1.84879586837726e-08	NA
249599	1.84879586837726e-08	NA
200100	1.82961328164582e-08	NA
615558	1.82961328164582e-08	NA
166700	1.71014661257405e-08	NA
209010	1.71014661257405e-08	NA
241080	1.71014661257405e-08	NA
560000	1.71014661257405e-08	NA
600952	1.67414495440441e-08	NA
168820	1.5095034544584e-08	NA
150170	1.43658082862455e-08	NA
145270	1.39026413851285e-08	NA
177600	1.37253452737362e-08	NA
143880	1.35307923753226e-08	NA
239199	1.2500431667816e-08	NA
124060	1.08635364428909e-08	NA
602722	1.06182904963287e-08	NA
132810	9.71209233643005e-09	NA
232900	9.56764757240971e-09	NA
600166	8.73401941153915e-09	NA
240800	6.97664532127753e-09	NA
212067	6.16837715228832e-09	NA
source	0	NA
target	0	NA
