DiseaseID	Score	DiseaseName
143890	2.11557141498435e-05	HYPERCHOLESTEROLEMIA, FAMILIAL, 1
601410	1.42154748016478e-05	TYPE 1 DIABETES MELLITUS 2
222100	1.36580469279996e-05	TYPE 1 DIABETES MELLITUS
601665	1.31571653084172e-05	NA
603813	7.88047820789483e-06	HYPERCHOLESTEROLEMIA, FAMILIAL, 4
614736	7.67932878493173e-06	NA
610947	7.65926908283517e-06	NA
613375	7.63634722073873e-06	MATURITY-ONSET DIABETES OF THE YOUNG, TYPE 11
615703	7.59345008731353e-06	NA
167800	7.24596639000893e-06	NA
608594	7.21845437838277e-06	NA
151660	7.19871266166922e-06	NA
616192	7.17131822862997e-06	NA
615474	7.15343790315851e-06	NA
219090	7.12768732570226e-06	NA
615158	7.0555572108566e-06	NA
614190	6.91426974055586e-06	NA
269700	6.89286192331869e-06	NA
605814	6.77024843547091e-06	NA
125853	6.62812024452236e-06	TYPE 2 DIABETES MELLITUS
602522	6.46538094663979e-06	NA
603776	6.44192425595667e-06	HYPERCHOLESTEROLEMIA, FAMILIAL, 3
602014	6.44166832479649e-06	NA
144250	4.06573281196684e-06	NA
238600	3.65423205306598e-06	NA
125852	8.74820235622465e-07	NA
616214	8.15031844329067e-07	NA
614028	6.70479377542075e-07	NA
240900	6.58564923410123e-07	NA
602247	6.53958889531237e-07	NA
144650	5.94723941470081e-07	NA
107741	5.71475662718307e-07	NA
144300	5.63958455816128e-07	NA
613677	5.56972896504281e-07	NA
144400	5.48303641121251e-07	NA
602025	5.45295694862902e-07	NA
615457	5.3697006908277e-07	NA
203800	5.34887705097908e-07	NA
612520	5.29558695872866e-07	NA
190430	5.26752629409776e-07	NA
616511	5.13105041680742e-07	MATURITY-ONSET DIABETES OF THE YOUNG, TYPE 14
144010	5.13051590832922e-07	HYPERCHOLESTEROLEMIA, FAMILIAL, 2
136120	4.8533009361203e-07	NA
304900	4.78951198339128e-07	NA
616329	4.69455289560051e-07	NA
207750	4.67630255620416e-07	NA
605019	4.52325619695647e-07	NA
147630	4.39541686463929e-07	NA
108725	4.37087657256618e-07	NA
262190	4.29589212562983e-07	NA
601666	4.2885996941136e-07	NA
612780	4.17436017675298e-07	NA
277460	4.14529341494257e-07	NA
240600	4.10921558175707e-07	NA
613877	4.03365478320458e-07	NA
145750	3.99433501587911e-07	NA
608600	3.78577141744836e-07	NA
215720	3.77700033835051e-07	NA
615954	3.76817135638991e-07	NA
223500	3.70316957945455e-07	NA
608320	3.63621110396289e-07	NA
612526	3.61420688898191e-07	NA
604367	3.58543495714027e-07	NA
610374	3.25197215579851e-07	NA
125800	3.21562249786072e-07	DIABETES INSIPIDUS, NEUROHYPOPHYSEAL, X-LINKED
246200	3.13223987922808e-07	NA
607364	3.0396758218352e-07	NA
144600	2.94377269966084e-07	NA
615238	2.89713753508535e-07	NA
615830	2.82505901283517e-07	NA
306000	2.82105685274598e-07	NA
614496	2.79918013932676e-07	NA
260370	2.77179566493172e-07	NA
614492	2.69185675719914e-07	NA
263800	2.62424706670458e-07	NA
610475	2.61556610300675e-07	NA
610489	2.61556610300675e-07	NA
219080	2.61556610300675e-07	NA
614495	2.60520240047128e-07	NA
615962	2.54483035303262e-07	NA
260350	2.49294246341186e-07	NA
601198	2.38738128138396e-07	NA
601942	2.30109397852311e-07	NA
154020	2.24392890789658e-07	NA
611718	2.21662855682903e-07	NA
601820	2.20693816201733e-07	NA
610600	2.20125988607533e-07	NA
615160	2.1870879814078e-07	NA
614491	2.13650747953257e-07	NA
610508	2.08188512729827e-07	MATURITY-ONSET DIABETES OF THE YOUNG, TYPE 7
613090	2.01768142246087e-07	NA
300200	1.99928261987706e-07	NA
608709	1.99565582381173e-07	NA
601678	1.97140181987618e-07	NA
125851	1.89886842217866e-07	MATURITY-ONSET DIABETES OF THE YOUNG, TYPE 2
125850	1.88402147310998e-07	MATURITY-ONSET DIABETES OF THE YOUNG
103900	1.87965343378828e-07	NA
241200	1.86826772119075e-07	NA
152200	1.74653999695903e-07	NA
606824	1.74186456836503e-07	NA
118830	1.6615358564112e-07	NA
615812	1.60835638339369e-07	NA
615947	1.59322143736085e-07	NA
177200	1.43618321770985e-07	NA
606392	1.43091496076511e-07	MATURITY-ONSET DIABETES OF THE YOUNG, TYPE 4
143470	1.42144324153939e-07	NA
191540	1.40904903990453e-07	NA
608189	1.39944345294564e-07	NA
614025	1.36801094790529e-07	NA
145260	1.36333138223749e-07	NA
613327	1.36210035835442e-07	NA
300539	1.34580829146957e-07	NA
600496	1.33427936341538e-07	MATURITY-ONSET DIABETES OF THE YOUNG, TYPE 3
612227	1.27734328398092e-07	NA
606721	1.23530716307137e-07	NA
143860	1.23335410262898e-07	NA
600089	1.22696939328303e-07	NA
610582	1.19876093155985e-07	NA
167755	1.19243408791434e-07	NA
229500	1.18846962565279e-07	NA
605115	1.1723398095323e-07	NA
613743	1.13999753262917e-07	NA
613370	1.1195214971637e-07	MATURITY-ONSET DIABETES OF THE YOUNG, TYPE 10
612671	1.11190172111098e-07	NA
609812	1.06897343533703e-07	MATURITY-ONSET DIABETES OF THE YOUNG, TYPE 8
232220	1.05964418939561e-07	NA
616095	1.05802662136546e-07	NA
208300	1.04809673408712e-07	NA
613347	1.03599457168392e-07	NA
612225	1.0306599996646e-07	MATURITY-ONSET DIABETES OF THE YOUNG, TYPE 9
614662	1.03064671025139e-07	NA
103230	1.02495888047773e-07	NA
605911	1.00655838089373e-07	NA
126900	9.99976825936393e-08	NA
167770	9.98308941455239e-08	NA
171200	9.70922923129123e-08	NA
615751	9.6806790976672e-08	NA
276700	9.60580094592594e-08	NA
268040	9.51684574071654e-08	NA
614033	9.47680545223705e-08	NA
615026	9.44336190041249e-08	NA
606394	9.35284697829988e-08	MATURITY-ONSET DIABETES OF THE YOUNG, TYPE 6
260450	9.16080319848539e-08	NA
151800	9.1467895666803e-08	NA
269200	9.11088449362984e-08	NA
209300	8.82227387245923e-08	NA
609975	8.79566377881733e-08	NA
609734	8.7130491378451e-08	NA
126150	8.6844378151565e-08	NA
191530	8.67947360663164e-08	NA
229800	8.53883305463506e-08	NA
174050	8.0067929758663e-08	NA
609197	7.98422032709467e-08	NA
263600	7.97470477106252e-08	NA
232200	7.92507740685047e-08	NA
613886	6.97987375772782e-08	NA
138900	6.07816607162702e-08	NA
601941	5.82547485766602e-08	NA
177735	5.62062629470389e-08	NA
205400	5.56774134960509e-08	NA
557000	5.38904022414512e-08	NA
240150	5.27119527291522e-08	NA
610021	5.04333763070784e-08	NA
203400	4.7214482957546e-08	NA
256450	4.61153388738846e-08	NA
609968	4.30417385198912e-08	NA
304800	4.26968899344166e-08	DIABETES INSIPIDUS, NEPHROGENIC, 1, X-LINKED
241150	4.09725429997679e-08	NA
615961	3.95638123068109e-08	NA
232240	3.91749562474246e-08	NA
305700	3.84091507490647e-08	NA
264350	3.8241587981195e-08	NA
245900	3.66072796745652e-08	NA
251120	3.54587165002359e-08	NA
218030	3.29527271049856e-08	NA
610199	3.19644632120396e-08	NA
207780	3.03906388571317e-08	NA
109160	3.03343367556016e-08	NA
138040	3.02682286597583e-08	NA
129840	3.01086152023246e-08	NA
602485	2.72672209629815e-08	NA
615517	2.70243391257322e-08	NA
240200	2.66149354696312e-08	NA
109600	2.56439689761669e-08	NA
607616	2.56413429693019e-08	NA
239350	2.55987669333784e-08	NA
606528	2.41177622722381e-08	NA
214700	2.40919392779671e-08	NA
179820	2.36627946917543e-08	NA
602475	2.25973679724333e-08	NA
240300	2.24332974579644e-08	NA
615361	2.21755744632386e-08	NA
601223	2.11577985212554e-08	NA
194470	2.06625956071337e-08	NA
606762	2.04833769781059e-08	NA
600955	1.94092167750735e-08	NA
200100	1.83793270197256e-08	NA
615558	1.83793270197256e-08	NA
210740	1.83424451767481e-08	NA
249599	1.83424451767481e-08	NA
166700	1.69668661664384e-08	NA
209010	1.69668661664384e-08	NA
241080	1.69668661664384e-08	NA
560000	1.69668661664384e-08	NA
600952	1.68840400653914e-08	NA
168820	1.49085241538125e-08	NA
150170	1.46264485639121e-08	NA
145270	1.38200492711164e-08	NA
177600	1.37917137768976e-08	NA
143880	1.3684028447049e-08	NA
239199	1.24712601298452e-08	NA
602722	1.11603399714756e-08	NA
124060	1.07942547683643e-08	NA
132810	9.87661407956259e-09	NA
232900	9.50412342553844e-09	NA
600166	8.88792988826547e-09	NA
240800	7.01680022875697e-09	NA
212067	6.1642334138956e-09	NA
source	0	NA
target	0	NA
