DiseaseID	Score	DiseaseName
143890	1.97821087153318e-05	HYPERCHOLESTEROLEMIA, FAMILIAL, 1
601410	1.54341030330219e-05	TYPE 1 DIABETES MELLITUS 2
601665	1.40383486528642e-05	NA
222100	1.38871644013359e-05	TYPE 1 DIABETES MELLITUS
602522	8.1113959018771e-06	NA
151660	7.83935121151088e-06	NA
613375	7.83265872506249e-06	MATURITY-ONSET DIABETES OF THE YOUNG, TYPE 11
614736	7.77330289280268e-06	NA
616192	7.69762208996163e-06	NA
603776	7.56062318355502e-06	HYPERCHOLESTEROLEMIA, FAMILIAL, 3
615703	7.52606046021421e-06	NA
615474	7.41460315630453e-06	NA
602014	7.27706612618373e-06	NA
605814	6.9154449834576e-06	NA
614190	6.65855916547989e-06	NA
608594	6.58891448682112e-06	NA
610947	6.45961577366394e-06	NA
219090	6.29304968707229e-06	NA
603813	6.29027114338964e-06	HYPERCHOLESTEROLEMIA, FAMILIAL, 4
269700	6.2410961072929e-06	NA
167800	5.72480012385069e-06	NA
125853	5.7154456803832e-06	TYPE 2 DIABETES MELLITUS
615158	5.27595091100986e-06	NA
144250	3.45695946419171e-06	NA
238600	3.06294258913314e-06	NA
125852	8.94245281477718e-07	NA
616214	8.1823016675344e-07	NA
240900	6.9184555252246e-07	NA
614028	6.52310724119826e-07	NA
602247	6.10458972366199e-07	NA
144650	5.8434999400905e-07	NA
602025	5.7795431631411e-07	NA
615457	5.69154207332824e-07	NA
613677	5.67214631000442e-07	NA
190430	5.58756187617083e-07	NA
612520	5.42502959566311e-07	NA
144300	5.33005168544064e-07	NA
107741	5.26074275538166e-07	NA
304900	5.24214770881238e-07	NA
144400	5.22415809031085e-07	NA
616511	5.12197471012086e-07	MATURITY-ONSET DIABETES OF THE YOUNG, TYPE 14
203800	5.0459864939678e-07	NA
612780	4.87919858701939e-07	NA
616329	4.82014155126013e-07	NA
144010	4.66088481037053e-07	HYPERCHOLESTEROLEMIA, FAMILIAL, 2
601666	4.5683734612664e-07	NA
605019	4.55414884207883e-07	NA
136120	4.50072719297188e-07	NA
207750	4.26679427182996e-07	NA
147630	4.25234334046458e-07	NA
262190	4.24882742471264e-07	NA
108725	4.1886578572722e-07	NA
240600	4.00583448692758e-07	NA
223500	3.98886023339328e-07	NA
613877	3.89104919589531e-07	NA
215720	3.84596512227513e-07	NA
277460	3.80404331721043e-07	NA
615954	3.72565563668788e-07	NA
608600	3.6367651670164e-07	NA
145750	3.62138202930158e-07	NA
607364	3.50863048402888e-07	NA
612526	3.46642189011335e-07	NA
608320	3.45662421979138e-07	NA
604367	3.43787988970216e-07	NA
125800	3.28624417217642e-07	DIABETES INSIPIDUS, NEUROHYPOPHYSEAL, X-LINKED
610374	3.25432750412579e-07	NA
246200	3.00294920611512e-07	NA
263800	2.96860766081849e-07	NA
615238	2.84905555423437e-07	NA
306000	2.76804000065603e-07	NA
260370	2.7556893906908e-07	NA
601198	2.70954431854604e-07	NA
614496	2.64926030880339e-07	NA
610600	2.61883820311855e-07	NA
615830	2.60594112059458e-07	NA
614492	2.55465820526033e-07	NA
154020	2.53517392876829e-07	NA
144600	2.52474513144516e-07	NA
611718	2.5003295443562e-07	NA
614495	2.4536224248814e-07	NA
601942	2.45111735658658e-07	NA
613090	2.43052084622718e-07	NA
615962	2.42090029095298e-07	NA
601678	2.40409606624149e-07	NA
219080	2.39920978415349e-07	NA
610475	2.39920978415349e-07	NA
610489	2.39920978415349e-07	NA
260350	2.36020349634064e-07	NA
241200	2.29331798950869e-07	NA
601820	2.23390460939844e-07	NA
300200	2.16790822672821e-07	NA
614491	2.15112933319697e-07	NA
615160	2.00815340205063e-07	NA
608709	1.95215921185519e-07	NA
610508	1.94612174450285e-07	MATURITY-ONSET DIABETES OF THE YOUNG, TYPE 7
125851	1.78420008542866e-07	MATURITY-ONSET DIABETES OF THE YOUNG, TYPE 2
125850	1.77594333198314e-07	MATURITY-ONSET DIABETES OF THE YOUNG
103900	1.73908734299111e-07	NA
615812	1.59895712815719e-07	NA
606824	1.59355166704786e-07	NA
143470	1.52351754952652e-07	NA
152200	1.50088115032811e-07	NA
615947	1.48451427130656e-07	NA
177200	1.47681632985836e-07	NA
300539	1.42308781466637e-07	NA
145260	1.38674141851974e-07	NA
118830	1.37652636394695e-07	NA
606392	1.29615613301825e-07	MATURITY-ONSET DIABETES OF THE YOUNG, TYPE 4
606721	1.27834058108454e-07	NA
613327	1.26417122288599e-07	NA
191540	1.22425414587877e-07	NA
600496	1.21084625059468e-07	MATURITY-ONSET DIABETES OF THE YOUNG, TYPE 3
605115	1.20579546441507e-07	NA
608189	1.16256085437466e-07	NA
613743	1.15208630216293e-07	NA
614025	1.14301601648032e-07	NA
143860	1.13508354154389e-07	NA
613370	1.12275873069886e-07	MATURITY-ONSET DIABETES OF THE YOUNG, TYPE 10
612227	1.10301204875494e-07	NA
600089	1.10152976824497e-07	NA
610582	1.07357374299689e-07	NA
614662	1.04433226263421e-07	NA
612225	1.03309235633342e-07	MATURITY-ONSET DIABETES OF THE YOUNG, TYPE 9
229500	1.02413486900591e-07	NA
167755	1.00741645446664e-07	NA
126150	9.98268465037958e-08	NA
103230	9.97453014322699e-08	NA
191530	9.95725914464911e-08	NA
151800	9.76048273961029e-08	NA
276700	9.69295624944554e-08	NA
612671	9.57027357718223e-08	NA
605911	9.48996489447999e-08	NA
606394	9.44096993029937e-08	MATURITY-ONSET DIABETES OF THE YOUNG, TYPE 6
232220	9.38376738828798e-08	NA
171200	9.34416415998663e-08	NA
268040	9.33062885191578e-08	NA
616095	8.87846761483582e-08	NA
609734	8.8490544439414e-08	NA
126900	8.81977369953174e-08	NA
609812	8.75614946058976e-08	MATURITY-ONSET DIABETES OF THE YOUNG, TYPE 8
208300	8.62418352755579e-08	NA
613347	8.40318469216195e-08	NA
167770	8.06579649254037e-08	NA
615751	7.98987093563222e-08	NA
614033	7.91019425208133e-08	NA
615026	7.72707483946663e-08	NA
269200	7.64695022425329e-08	NA
609975	7.50709798108153e-08	NA
613886	7.4002953766419e-08	NA
260450	7.34333350850154e-08	NA
209300	7.06755324738321e-08	NA
229800	6.90533542067194e-08	NA
232200	6.88089925973041e-08	NA
609197	6.39973041004871e-08	NA
174050	6.35570918965431e-08	NA
263600	6.31552989284117e-08	NA
138900	6.23147820611146e-08	NA
601941	5.82030620423421e-08	NA
177735	5.69210501907467e-08	NA
557000	5.47646304314034e-08	NA
205400	5.26979928016465e-08	NA
203400	5.08201242045464e-08	NA
610021	4.8045630047514e-08	NA
304800	4.64279239979839e-08	DIABETES INSIPIDUS, NEPHROGENIC, 1, X-LINKED
256450	4.63731278303782e-08	NA
241150	4.60599074279098e-08	NA
240150	4.46750681137538e-08	NA
609968	4.17798286178247e-08	NA
615961	4.05972610731972e-08	NA
305700	4.05415142291806e-08	NA
264350	4.00759728691705e-08	NA
232240	3.61071575308103e-08	NA
245900	3.50622415573038e-08	NA
251120	3.46377256987243e-08	NA
218030	3.36479049171124e-08	NA
610199	3.29736899215291e-08	NA
129840	3.07363331214354e-08	NA
207780	3.04302043676485e-08	NA
138040	2.93826529007329e-08	NA
109160	2.85102560278079e-08	NA
239350	2.83675865800525e-08	NA
602485	2.71633046753235e-08	NA
615517	2.67018620140897e-08	NA
214700	2.6254895348979e-08	NA
240200	2.5917000442613e-08	NA
615361	2.56628700155206e-08	NA
109600	2.51302975688358e-08	NA
607616	2.46140572794773e-08	NA
606528	2.30637547397867e-08	NA
602475	2.29956821157198e-08	NA
179820	2.28439510851557e-08	NA
240300	2.21486068875381e-08	NA
601223	2.12556479543518e-08	NA
194470	2.08655367414135e-08	NA
600955	2.02474595640538e-08	NA
606762	1.90531177782143e-08	NA
210740	1.8984251022076e-08	NA
249599	1.8984251022076e-08	NA
200100	1.79724286482493e-08	NA
615558	1.79724286482493e-08	NA
166700	1.75605331893546e-08	NA
209010	1.75605331893546e-08	NA
241080	1.75605331893546e-08	NA
560000	1.75605331893546e-08	NA
600952	1.64415861097887e-08	NA
168820	1.52293644290354e-08	NA
143880	1.47705507240599e-08	NA
239199	1.42835820019709e-08	NA
145270	1.37145870434062e-08	NA
177600	1.32775325116556e-08	NA
150170	1.32613380029956e-08	NA
124060	1.12669591153056e-08	NA
602722	1.05079676018422e-08	NA
132810	9.09616805841965e-09	NA
232900	8.62319579630616e-09	NA
600166	8.52879335330748e-09	NA
240800	6.52470237062971e-09	NA
212067	5.10593723460321e-09	NA
source	0	NA
target	0	NA
