DiseaseID	Score	DiseaseName
143890	2.2113811278761e-05	HYPERCHOLESTEROLEMIA, FAMILIAL, 1
601410	1.29045505400011e-05	TYPE 1 DIABETES MELLITUS 2
222100	1.28711349662479e-05	TYPE 1 DIABETES MELLITUS
601665	1.23174424955298e-05	NA
613375	1.0024115565301e-05	MATURITY-ONSET DIABETES OF THE YOUNG, TYPE 11
151660	7.64231329242268e-06	NA
219090	7.39701535541699e-06	NA
610947	7.17294797153708e-06	NA
615474	7.02514141629793e-06	NA
608594	6.95782195125933e-06	NA
615158	6.87310087769201e-06	NA
616192	6.85247912669824e-06	NA
614736	6.80779174622842e-06	NA
269700	6.80466434074557e-06	NA
614190	6.75882726610551e-06	NA
603813	6.71119796152615e-06	HYPERCHOLESTEROLEMIA, FAMILIAL, 4
602522	6.31226825506069e-06	NA
603776	6.12953400681747e-06	HYPERCHOLESTEROLEMIA, FAMILIAL, 3
125853	6.04347631823895e-06	TYPE 2 DIABETES MELLITUS
605814	5.89784921730894e-06	NA
167800	5.80201613264371e-06	NA
602014	5.13430609580741e-06	NA
615703	5.03729853705924e-06	NA
144250	4.60483247340084e-06	NA
238600	4.17455896340794e-06	NA
125852	8.18226763070141e-07	NA
616214	7.63498707376119e-07	NA
602247	6.68338823467145e-07	NA
240900	6.39723259454962e-07	NA
614028	5.94108977813692e-07	NA
144300	5.69795929739266e-07	NA
107741	5.55533602580337e-07	NA
144400	5.46013771508457e-07	NA
602025	5.37376660364622e-07	NA
613677	5.33059443075887e-07	NA
144650	5.31795499223072e-07	NA
615457	5.29208334960825e-07	NA
144010	5.23680217730919e-07	HYPERCHOLESTEROLEMIA, FAMILIAL, 2
190430	5.20219943194805e-07	NA
203800	5.11011264519291e-07	NA
616511	5.08649781643278e-07	MATURITY-ONSET DIABETES OF THE YOUNG, TYPE 14
136120	5.03270014867143e-07	NA
612520	4.95133826339465e-07	NA
207750	4.94473086954468e-07	NA
616329	4.66673588457833e-07	NA
304900	4.55057331268849e-07	NA
277460	4.183189632854e-07	NA
262190	4.07362868868457e-07	NA
147630	4.02285165438537e-07	NA
108725	4.01881214109948e-07	NA
601666	3.99729401899004e-07	NA
145750	3.91077938352421e-07	NA
240600	3.89750669491687e-07	NA
605019	3.83800114147157e-07	NA
613877	3.75786694029681e-07	NA
608600	3.75440717602652e-07	NA
612780	3.66688838191163e-07	NA
615954	3.6555663065603e-07	NA
612526	3.59231624114776e-07	NA
215720	3.59110110742739e-07	NA
604367	3.54699061863838e-07	NA
223500	3.45105801473454e-07	NA
608320	3.14807583022128e-07	NA
246200	3.10800064474341e-07	NA
125800	3.03144338369424e-07	DIABETES INSIPIDUS, NEUROHYPOPHYSEAL, X-LINKED
610374	3.00346932521743e-07	NA
607364	2.9393236671523e-07	NA
615830	2.84566138424038e-07	NA
144600	2.835168224119e-07	NA
614496	2.73683162870377e-07	NA
219080	2.64834025115359e-07	NA
610475	2.64834025115359e-07	NA
610489	2.64834025115359e-07	NA
615238	2.63756495506174e-07	NA
614492	2.63076403833795e-07	NA
306000	2.6140862306507e-07	NA
615962	2.56959853262696e-07	NA
614495	2.54477142308297e-07	NA
260370	2.44052696653001e-07	NA
601820	2.25977902929008e-07	NA
260350	2.19269959170186e-07	NA
610508	2.18214925540859e-07	MATURITY-ONSET DIABETES OF THE YOUNG, TYPE 7
263800	2.15412014608891e-07	NA
610600	2.1114516510705e-07	NA
601942	2.10645978376212e-07	NA
614491	2.08931586716643e-07	NA
615160	2.03197125814425e-07	NA
125851	2.02542593164829e-07	MATURITY-ONSET DIABETES OF THE YOUNG, TYPE 2
608709	2.02476670848524e-07	NA
125850	2.01152328886395e-07	MATURITY-ONSET DIABETES OF THE YOUNG
613090	1.95255432543446e-07	NA
601198	1.93100633077838e-07	NA
601678	1.88413987703434e-07	NA
300200	1.82783953815446e-07	NA
154020	1.79185665039587e-07	NA
241200	1.78517530381363e-07	NA
103900	1.78057250773335e-07	NA
611718	1.77798827798214e-07	NA
152200	1.72399855876539e-07	NA
606824	1.6027445611969e-07	NA
118830	1.56106138253659e-07	NA
177200	1.40134259881296e-07	NA
615947	1.39891083105504e-07	NA
143470	1.34042915496342e-07	NA
191540	1.33880756382856e-07	NA
614025	1.33627873846681e-07	NA
606392	1.33336054235424e-07	MATURITY-ONSET DIABETES OF THE YOUNG, TYPE 4
145260	1.33203871907123e-07	NA
615812	1.3201749520784e-07	NA
613370	1.31279857111892e-07	MATURITY-ONSET DIABETES OF THE YOUNG, TYPE 10
613327	1.3081717493872e-07	NA
300539	1.297143987511e-07	NA
606721	1.27432714207993e-07	NA
600496	1.24966078427306e-07	MATURITY-ONSET DIABETES OF THE YOUNG, TYPE 3
612225	1.22961035796397e-07	MATURITY-ONSET DIABETES OF THE YOUNG, TYPE 9
614662	1.21183621042414e-07	NA
608189	1.1643040485512e-07	NA
229500	1.15319280076503e-07	NA
605115	1.1462929784678e-07	NA
143860	1.13998007757071e-07	NA
606394	1.1340686893789e-07	MATURITY-ONSET DIABETES OF THE YOUNG, TYPE 6
232220	1.12558404375767e-07	NA
610582	1.12550441260924e-07	NA
600089	1.12049385401943e-07	NA
613743	1.0984814166535e-07	NA
612227	1.09285017219933e-07	NA
609734	1.06585444666261e-07	NA
612671	1.04381575186775e-07	NA
616095	1.01559848672602e-07	NA
167755	1.00412486543464e-07	NA
103230	9.93449538837625e-08	NA
151800	9.55503292802809e-08	NA
171200	9.46567664998037e-08	NA
605911	9.35932313281325e-08	NA
615751	9.34691650603706e-08	NA
614033	9.23305977088473e-08	NA
126900	9.20108874494857e-08	NA
276700	9.13233318573432e-08	NA
615026	9.02932240086165e-08	NA
609812	8.96111431073977e-08	MATURITY-ONSET DIABETES OF THE YOUNG, TYPE 8
208300	8.81554528680167e-08	NA
232200	8.61504057517593e-08	NA
613347	8.43775798902393e-08	NA
126150	8.39255848017302e-08	NA
191530	8.34322778993728e-08	NA
229800	8.32614797220915e-08	NA
609975	8.24503410246529e-08	NA
167770	8.18256526170849e-08	NA
263600	7.76034838563351e-08	NA
609197	7.73154028012218e-08	NA
269200	7.54003511742595e-08	NA
260450	7.39890260280636e-08	NA
209300	7.11776400342281e-08	NA
268040	6.89417413899684e-08	NA
613886	6.88425070685001e-08	NA
174050	6.48861265068707e-08	NA
240150	5.96652878586886e-08	NA
138900	5.7173648544279e-08	NA
601941	5.51432435828431e-08	NA
205400	5.39153621532623e-08	NA
177735	5.38779860665555e-08	NA
557000	5.01297207557415e-08	NA
610021	4.80296661909253e-08	NA
256450	4.46465064584378e-08	NA
203400	4.45676173723641e-08	NA
609968	4.2184107308903e-08	NA
304800	4.0432343096945e-08	DIABETES INSIPIDUS, NEPHROGENIC, 1, X-LINKED
232240	4.02064542830726e-08	NA
305700	3.75983316034634e-08	NA
615961	3.75134627919069e-08	NA
241150	3.70646226522813e-08	NA
264350	3.68677620897185e-08	NA
245900	3.50824524498639e-08	NA
251120	3.34556024407499e-08	NA
218030	3.18990158910581e-08	NA
610199	3.03831786838575e-08	NA
138040	2.98829584389203e-08	NA
109160	2.92449932699854e-08	NA
207780	2.91720535287733e-08	NA
129840	2.88882524824905e-08	NA
615517	2.62742415694045e-08	NA
240200	2.59525632964712e-08	NA
602485	2.56182879625144e-08	NA
109600	2.49708044903172e-08	NA
607616	2.4162308248665e-08	NA
179820	2.39888616508939e-08	NA
239350	2.34474477745216e-08	NA
214700	2.30398375783598e-08	NA
606528	2.30012000530876e-08	NA
602475	2.17290196326696e-08	NA
601223	2.15267601958572e-08	NA
194470	2.08444581584527e-08	NA
240300	2.03760857890336e-08	NA
606762	1.9403902913658e-08	NA
600955	1.93988957749252e-08	NA
615361	1.91504854000319e-08	NA
210740	1.71373620747788e-08	NA
249599	1.71373620747788e-08	NA
200100	1.63622066402275e-08	NA
615558	1.63622066402275e-08	NA
600952	1.61913201914659e-08	NA
166700	1.5852161751822e-08	NA
209010	1.5852161751822e-08	NA
241080	1.5852161751822e-08	NA
560000	1.5852161751822e-08	NA
168820	1.42458392478644e-08	NA
150170	1.41206061897137e-08	NA
177600	1.39857750032259e-08	NA
145270	1.32122538878288e-08	NA
143880	1.29469625139401e-08	NA
239199	1.18005733844025e-08	NA
124060	1.07239843731412e-08	NA
602722	1.03673424307241e-08	NA
132810	9.76990828777188e-09	NA
232900	9.10526591553502e-09	NA
600166	8.54977145028115e-09	NA
240800	6.67577652071652e-09	NA
212067	5.97453969081412e-09	NA
source	0	NA
target	0	NA
