DiseaseID	Score	DiseaseName
222100	0.00208627230034855	TYPE 1 DIABETES MELLITUS
125852	4.75201231716952e-05	NA
304900	4.73670351377482e-05	NA
616214	4.73240860939351e-05	NA
613677	4.68981125177017e-05	NA
125800	4.66946511247508e-05	DIABETES INSIPIDUS, NEUROHYPOPHYSEAL, X-LINKED
240600	4.59166307543778e-05	NA
147630	4.5518720213665e-05	NA
143890	1.91678202976575e-05	HYPERCHOLESTEROLEMIA, FAMILIAL, 1
601665	1.58653909691123e-05	NA
601410	1.26016387666298e-05	TYPE 1 DIABETES MELLITUS 2
614190	8.28766980595703e-06	NA
613375	8.17587118536045e-06	MATURITY-ONSET DIABETES OF THE YOUNG, TYPE 11
151660	8.10535825494069e-06	NA
602522	8.06280474469488e-06	NA
615158	7.91944447844513e-06	NA
610947	7.80544926886338e-06	NA
219090	7.65337333480729e-06	NA
269700	7.36403817860316e-06	NA
167800	7.26367381632953e-06	NA
260350	7.09819961345556e-06	NA
603813	6.97570623127587e-06	HYPERCHOLESTEROLEMIA, FAMILIAL, 4
615474	6.80892383900054e-06	NA
614736	6.69954534690393e-06	NA
616192	6.61980730743753e-06	NA
608594	6.24827446438545e-06	NA
603776	5.9685746127412e-06	HYPERCHOLESTEROLEMIA, FAMILIAL, 3
602014	5.89226755571418e-06	NA
125853	5.59259257211699e-06	TYPE 2 DIABETES MELLITUS
615703	5.479376339367e-06	NA
605911	5.41101114766163e-06	NA
605814	5.17306675646574e-06	NA
144250	4.42283843345949e-06	NA
238600	4.05267018561174e-06	NA
557000	4.02951965452683e-06	NA
276700	3.68429020767955e-06	NA
304800	3.17271966522703e-06	DIABETES INSIPIDUS, NEPHROGENIC, 1, X-LINKED
610600	2.86424328013033e-06	NA
612780	2.82169646246574e-06	NA
607364	2.74614884511841e-06	NA
138900	2.71990051006694e-06	NA
613090	2.56328756216086e-06	NA
601666	2.48988589636581e-06	NA
229500	2.32365217211708e-06	NA
240900	2.09612957059962e-06	NA
262190	2.05381733076669e-06	NA
129840	2.0375910295936e-06	NA
615160	1.98711463807552e-06	NA
263800	1.96956485772738e-06	NA
609968	1.94650137752735e-06	NA
612520	1.89630156293639e-06	NA
203400	1.86656023448485e-06	NA
615751	1.84891415175008e-06	NA
177735	1.82975725248322e-06	NA
601942	1.80005421492928e-06	NA
143860	1.72027111535577e-06	NA
601941	1.67157217730779e-06	NA
239350	1.66530792938779e-06	NA
616511	1.64473082203683e-06	MATURITY-ONSET DIABETES OF THE YOUNG, TYPE 14
241150	1.63195996428873e-06	NA
601678	1.49474742213624e-06	NA
143880	1.43093896019983e-06	NA
601820	1.40887260274297e-06	NA
615962	1.36668540718822e-06	NA
610021	1.36629895716727e-06	NA
616329	1.31691577194179e-06	NA
612227	1.29645120649601e-06	NA
167755	1.27339817588673e-06	NA
614496	1.26109855095486e-06	NA
600496	1.25318257533592e-06	MATURITY-ONSET DIABETES OF THE YOUNG, TYPE 3
614492	1.22877743890008e-06	NA
177200	1.21300207621567e-06	NA
608600	1.21090837328752e-06	NA
600089	1.20176720244049e-06	NA
260370	1.2007697353287e-06	NA
614491	1.1791863271904e-06	NA
614495	1.12279439201718e-06	NA
608189	1.12083475379073e-06	NA
300539	1.11965229606152e-06	NA
223500	1.07178543048819e-06	NA
145260	1.03517292973556e-06	NA
602485	1.01991124565742e-06	NA
103900	9.95901866991994e-07	NA
610374	9.88996485340697e-07	NA
218030	9.42551964007834e-07	NA
605115	9.23708077746933e-07	NA
613347	9.2128941689287e-07	NA
241200	9.20561045723184e-07	NA
208300	8.98365167905616e-07	NA
615961	8.96274269990938e-07	NA
107741	8.84899633596991e-07	NA
256450	8.78821327442431e-07	NA
609812	8.43284403046954e-07	MATURITY-ONSET DIABETES OF THE YOUNG, TYPE 8
125851	8.29402052599437e-07	MATURITY-ONSET DIABETES OF THE YOUNG, TYPE 2
167770	8.21356540249444e-07	NA
125850	8.1773179507253e-07	MATURITY-ONSET DIABETES OF THE YOUNG
606394	7.78834425733109e-07	MATURITY-ONSET DIABETES OF THE YOUNG, TYPE 6
246200	7.78537837958647e-07	NA
604367	7.6586260781787e-07	NA
615954	7.63741952519299e-07	NA
171200	7.25761970321502e-07	NA
151800	7.08702709601536e-07	NA
602025	6.91619850136783e-07	NA
609975	6.77920654170945e-07	NA
615457	6.76114028002636e-07	NA
190430	6.64988531304887e-07	NA
179820	6.6308159475338e-07	NA
602247	6.57028131807857e-07	NA
606762	6.55258644005888e-07	NA
203800	6.25342952890313e-07	NA
613370	6.1547235376082e-07	MATURITY-ONSET DIABETES OF THE YOUNG, TYPE 10
614028	6.01281402401054e-07	NA
615026	5.98245955902435e-07	NA
616095	5.94919970480241e-07	NA
609734	5.76342624043389e-07	NA
614662	5.67690930948975e-07	NA
609197	5.61181738288562e-07	NA
614033	5.5433710663572e-07	NA
229800	5.49442674630402e-07	NA
269200	5.28435611891872e-07	NA
600952	5.22687285444397e-07	NA
144300	5.21667691301686e-07	NA
144650	5.08247933467574e-07	NA
207750	5.02018571767407e-07	NA
144400	5.00331337340438e-07	NA
126900	4.94347740495863e-07	NA
610508	4.91493994389593e-07	MATURITY-ONSET DIABETES OF THE YOUNG, TYPE 7
610199	4.89231790441501e-07	NA
144010	4.85194861939956e-07	HYPERCHOLESTEROLEMIA, FAMILIAL, 2
264350	4.66246176145846e-07	NA
136120	4.65606633903578e-07	NA
606528	4.56691138117769e-07	NA
601198	4.56038778515369e-07	NA
210740	4.55985900321691e-07	NA
249599	4.55985900321691e-07	NA
207780	4.55152835798307e-07	NA
240300	4.53493095480058e-07	NA
613877	4.33923873891261e-07	NA
108725	4.29331979039728e-07	NA
602475	4.25565470106412e-07	NA
166700	4.21787033801192e-07	NA
209010	4.21787033801192e-07	NA
241080	4.21787033801192e-07	NA
560000	4.21787033801192e-07	NA
612526	4.15370579439438e-07	NA
145750	4.10855540196272e-07	NA
606392	3.98131711374397e-07	MATURITY-ONSET DIABETES OF THE YOUNG, TYPE 4
215720	3.81461807475657e-07	NA
277460	3.79092187269909e-07	NA
191540	3.72288906233783e-07	NA
605019	3.67486784570182e-07	NA
615830	3.48917182072477e-07	NA
608320	3.28232842645189e-07	NA
300200	3.22583269874977e-07	NA
219080	3.06906302483703e-07	NA
610475	3.06906302483703e-07	NA
610489	3.06906302483703e-07	NA
613743	3.03133948734669e-07	NA
239199	2.99578985581566e-07	NA
260450	2.98947970253528e-07	NA
214700	2.98392725086526e-07	NA
144600	2.98337310089373e-07	NA
615238	2.9287126727961e-07	NA
611718	2.77220215717286e-07	NA
209300	2.76239004401718e-07	NA
118830	2.67186604700015e-07	NA
154020	2.61999625381127e-07	NA
612225	2.61016106791679e-07	MATURITY-ONSET DIABETES OF THE YOUNG, TYPE 9
306000	2.53491817952445e-07	NA
232240	2.48482312078684e-07	NA
612671	2.47078816098625e-07	NA
610582	2.44590498012448e-07	NA
608709	2.42990979867227e-07	NA
232220	2.40609568250625e-07	NA
606824	2.30013079955519e-07	NA
263600	2.10289318749413e-07	NA
232200	2.10245520769747e-07	NA
240200	1.98114645059324e-07	NA
606721	1.94179168884992e-07	NA
152200	1.7974238183183e-07	NA
109160	1.77242806391255e-07	NA
138040	1.70153332049509e-07	NA
103230	1.67734468170425e-07	NA
240150	1.6579221072452e-07	NA
615812	1.59892334423575e-07	NA
251120	1.57302570690388e-07	NA
240800	1.56260913129955e-07	NA
615947	1.53705812028632e-07	NA
143470	1.44957288301118e-07	NA
613327	1.41823749726505e-07	NA
614025	1.33395320778278e-07	NA
600955	1.2748076928401e-07	NA
126150	1.19518755121325e-07	NA
615517	1.1382688860593e-07	NA
615361	1.10924105447298e-07	NA
191530	1.08636714745143e-07	NA
232900	1.07986902432869e-07	NA
174050	1.01667734621401e-07	NA
613886	8.81610394580067e-08	NA
268040	8.36794359347244e-08	NA
305700	8.31026447975718e-08	NA
150170	7.91663998830451e-08	NA
212067	7.76732207874704e-08	NA
601223	6.69100208276527e-08	NA
109600	6.19601291962231e-08	NA
602722	5.1707102447297e-08	NA
194470	5.16118113938654e-08	NA
205400	5.14751434610623e-08	NA
177600	4.43899983714089e-08	NA
132810	3.85605472703075e-08	NA
245900	3.32122395043745e-08	NA
124060	2.99179665954364e-08	NA
145270	2.84004655252417e-08	NA
168820	2.71087282765116e-08	NA
600166	2.47309498481293e-08	NA
607616	2.3205758221871e-08	NA
200100	1.60840241906622e-08	NA
615558	1.60840241906622e-08	NA
source	0	NA
target	0	NA
