DiseaseID	Score	DiseaseName
238600	0.00092334723130804	NA
144250	0.000921942570184614	NA
143890	3.38146348384672e-05	HYPERCHOLESTEROLEMIA, FAMILIAL, 1
603813	3.35093297097598e-05	HYPERCHOLESTEROLEMIA, FAMILIAL, 4
207750	2.71408649070146e-05	NA
602247	2.68880381378889e-05	NA
151660	1.8296990753043e-05	NA
136120	1.66570631213871e-05	NA
144650	1.58989813511709e-05	NA
145750	1.5318917325388e-05	NA
232220	1.52782017834553e-05	NA
601410	1.50902904761174e-05	TYPE 1 DIABETES MELLITUS 2
232200	1.46237111397159e-05	NA
615947	1.4579891919841e-05	NA
144010	1.43166218790434e-05	HYPERCHOLESTEROLEMIA, FAMILIAL, 2
144600	1.42852925846755e-05	NA
108725	1.40537789204123e-05	NA
118830	1.37905773625334e-05	NA
601665	1.37333840273683e-05	NA
107741	1.35598694454689e-05	NA
306000	1.34114928497713e-05	NA
144300	1.30011283485661e-05	NA
222100	1.28597497029736e-05	TYPE 1 DIABETES MELLITUS
240150	1.26882984275896e-05	NA
614025	1.19046236996509e-05	NA
152200	1.16418951148506e-05	NA
610947	8.504518298295e-06	NA
219090	8.45656655391792e-06	NA
613375	8.00683640666212e-06	MATURITY-ONSET DIABETES OF THE YOUNG, TYPE 11
615158	7.90365822700269e-06	NA
603776	7.73170327968224e-06	HYPERCHOLESTEROLEMIA, FAMILIAL, 3
615703	7.21090657673783e-06	NA
269700	7.0159890555866e-06	NA
605814	6.73894604135347e-06	NA
167800	6.7194826020577e-06	NA
614736	6.48068939574423e-06	NA
615474	6.39286887996782e-06	NA
608594	6.30534406222011e-06	NA
614190	6.29136648104157e-06	NA
125853	6.28516282268431e-06	TYPE 2 DIABETES MELLITUS
602522	6.21773380066116e-06	NA
616192	6.09281182930738e-06	NA
602014	5.97057125413532e-06	NA
614028	4.40920492444469e-06	NA
276700	3.23999372019421e-06	NA
144400	3.20394038145021e-06	NA
232240	2.46071428290051e-06	NA
608320	1.75532219281199e-06	NA
277460	1.57480547238266e-06	NA
191540	1.42279860671937e-06	NA
143470	1.41553750670475e-06	NA
205400	1.21512105307932e-06	NA
203800	1.20570841795348e-06	NA
125852	1.19448694829834e-06	NA
605019	1.19183589387372e-06	NA
615812	1.14913140010021e-06	NA
612526	1.05390177213996e-06	NA
608600	1.04223570938391e-06	NA
616214	8.62706094888806e-07	NA
208300	7.97936906545092e-07	NA
616095	7.76022003357909e-07	NA
604367	7.47009558323586e-07	NA
240900	6.70447126111071e-07	NA
608189	6.62978080721703e-07	NA
245900	6.56437315604625e-07	NA
602025	6.13704414490314e-07	NA
615457	6.04611779848326e-07	NA
607616	5.92358555285322e-07	NA
167770	5.68243396551925e-07	NA
167755	5.68026422201372e-07	NA
190430	5.53595549693519e-07	NA
609812	5.53404475665014e-07	MATURITY-ONSET DIABETES OF THE YOUNG, TYPE 8
613877	5.44978310226754e-07	NA
612520	5.34492072705462e-07	NA
613677	5.1854581629398e-07	NA
616511	5.17283978885699e-07	MATURITY-ONSET DIABETES OF THE YOUNG, TYPE 14
147630	5.14037020860723e-07	NA
174050	4.93342761883687e-07	NA
616329	4.75123475649165e-07	NA
262190	4.53874825571296e-07	NA
304900	4.53660744425472e-07	NA
246200	4.33759352236137e-07	NA
615238	4.28051091300527e-07	NA
601666	4.2232143932394e-07	NA
615954	4.18869986025331e-07	NA
240600	4.07856635964245e-07	NA
612780	3.92629824172924e-07	NA
606721	3.76988286273495e-07	NA
215720	3.63600872207096e-07	NA
223500	3.57189527966427e-07	NA
608709	3.50613443155481e-07	NA
615830	3.47645849289928e-07	NA
610374	3.38657925119096e-07	NA
200100	3.11153992423425e-07	NA
615558	3.11153992423425e-07	NA
260350	3.10028511363439e-07	NA
260370	3.09231344407626e-07	NA
125800	3.03165799145615e-07	DIABETES INSIPIDUS, NEUROHYPOPHYSEAL, X-LINKED
607364	2.85518060570914e-07	NA
219080	2.85225753727708e-07	NA
610475	2.85225753727708e-07	NA
610489	2.85225753727708e-07	NA
109160	2.70253115025967e-07	NA
615962	2.69655807308939e-07	NA
614496	2.69321026452208e-07	NA
109600	2.57363423144752e-07	NA
614492	2.57292835018311e-07	NA
615160	2.51177023855066e-07	NA
614495	2.49825069626577e-07	NA
601942	2.46488952851558e-07	NA
263800	2.43935734818125e-07	NA
125851	2.37710590878218e-07	MATURITY-ONSET DIABETES OF THE YOUNG, TYPE 2
601820	2.32991234554896e-07	NA
151800	2.29368473530109e-07	NA
610508	2.233339066928e-07	MATURITY-ONSET DIABETES OF THE YOUNG, TYPE 7
601198	2.21776268196051e-07	NA
610600	2.10828054734226e-07	NA
300200	2.10219994849595e-07	NA
154020	2.08059375264643e-07	NA
138900	2.07377045017889e-07	NA
611718	2.06023038204242e-07	NA
125850	2.05871567956605e-07	MATURITY-ONSET DIABETES OF THE YOUNG
614491	1.94759333616793e-07	NA
613090	1.92787132937379e-07	NA
606824	1.90421355071702e-07	NA
601678	1.88379024818277e-07	NA
612227	1.80060352684336e-07	NA
241200	1.78699724151331e-07	NA
103900	1.75060334519268e-07	NA
612671	1.73839556152841e-07	NA
615026	1.72714133119851e-07	NA
613327	1.62061904097755e-07	NA
613347	1.59019113352997e-07	NA
615751	1.58515613924207e-07	NA
557000	1.51811927682965e-07	NA
606392	1.43388189035177e-07	MATURITY-ONSET DIABETES OF THE YOUNG, TYPE 4
600496	1.35902151495666e-07	MATURITY-ONSET DIABETES OF THE YOUNG, TYPE 3
600089	1.35513008899192e-07	NA
232900	1.35478967637875e-07	NA
229500	1.3120332671482e-07	NA
177200	1.30524209648281e-07	NA
613370	1.30167417492151e-07	MATURITY-ONSET DIABETES OF THE YOUNG, TYPE 10
145260	1.2398074279325e-07	NA
610582	1.22241926581497e-07	NA
300539	1.21943617884346e-07	NA
612225	1.21053156522279e-07	MATURITY-ONSET DIABETES OF THE YOUNG, TYPE 9
143860	1.17272261861653e-07	NA
126150	1.13039327572268e-07	NA
126900	1.11557047263234e-07	NA
614033	1.11478425959943e-07	NA
260450	1.11053686387177e-07	NA
268040	1.09831722531878e-07	NA
191530	1.08875569444413e-07	NA
609734	1.07782923586603e-07	NA
614662	1.07762167023217e-07	NA
103230	1.06737907553897e-07	NA
613743	1.06320088071996e-07	NA
605115	1.06037656004777e-07	NA
606394	1.01111073363916e-07	MATURITY-ONSET DIABETES OF THE YOUNG, TYPE 6
605911	1.00958927447473e-07	NA
209300	9.69541092236972e-08	NA
229800	9.68302023611506e-08	NA
609975	9.62790599267966e-08	NA
171200	9.14952761356816e-08	NA
263600	8.90567456500206e-08	NA
609197	8.86442107471361e-08	NA
269200	8.85202313852674e-08	NA
610021	8.81492323077871e-08	NA
613886	7.66051409454677e-08	NA
601941	6.3939852327694e-08	NA
145270	5.8392486273517e-08	NA
150170	5.78904421766496e-08	NA
601223	5.59913736220541e-08	NA
194470	5.46237973872565e-08	NA
177735	5.30354346247163e-08	NA
256450	5.15592099204063e-08	NA
606762	5.15494264647432e-08	NA
168820	4.78332367704387e-08	NA
609968	4.72338771163026e-08	NA
203400	4.54180773896913e-08	NA
615961	4.29849102324059e-08	NA
305700	4.12985333212658e-08	NA
304800	4.06948707171481e-08	DIABETES INSIPIDUS, NEPHROGENIC, 1, X-LINKED
251120	4.04530398545231e-08	NA
241150	3.85341816168776e-08	NA
207780	3.80567914910716e-08	NA
264350	3.635207675615e-08	NA
610199	3.48954968370188e-08	NA
129840	3.28447897464737e-08	NA
602485	3.23703403152183e-08	NA
138040	3.13729789391998e-08	NA
218030	3.09226861028522e-08	NA
615517	3.0361062848337e-08	NA
606528	2.82179048982634e-08	NA
124060	2.66329132595469e-08	NA
179820	2.63433009375507e-08	NA
602475	2.52734762393616e-08	NA
240200	2.51445294248335e-08	NA
240300	2.47783242761526e-08	NA
132810	2.47601618255096e-08	NA
239350	2.43201966226283e-08	NA
214700	2.27144237598119e-08	NA
600952	2.13095392986929e-08	NA
210740	2.10455162985346e-08	NA
249599	2.10455162985346e-08	NA
600955	2.09675332782358e-08	NA
615361	2.09243765027891e-08	NA
177600	2.04636260106398e-08	NA
166700	1.94672155187205e-08	NA
209010	1.94672155187205e-08	NA
241080	1.94672155187205e-08	NA
560000	1.94672155187205e-08	NA
143880	1.29698695463431e-08	NA
602722	1.23216183667065e-08	NA
239199	1.2240702625458e-08	NA
600166	9.25703088727958e-09	NA
240800	9.20449666772207e-09	NA
212067	6.82659218710227e-09	NA
source	0	NA
target	0	NA
