DiseaseID	Score	DiseaseName
143890	1.92814573675756e-05	HYPERCHOLESTEROLEMIA, FAMILIAL, 1
601410	1.45125452226227e-05	TYPE 1 DIABETES MELLITUS 2
601665	1.25679819148993e-05	NA
222100	1.15907126626334e-05	TYPE 1 DIABETES MELLITUS
613375	8.27453323748844e-06	MATURITY-ONSET DIABETES OF THE YOUNG, TYPE 11
610947	7.86753240873574e-06	NA
219090	7.63065824100552e-06	NA
602522	7.22688978646928e-06	NA
616192	7.18525054019886e-06	NA
605814	7.09673328544806e-06	NA
614190	7.07989865254059e-06	NA
608594	7.07808844050464e-06	NA
151660	6.85407739323945e-06	NA
603776	6.74526174963854e-06	HYPERCHOLESTEROLEMIA, FAMILIAL, 3
615474	6.71382067748419e-06	NA
269700	6.66388181006184e-06	NA
167800	6.52003568477136e-06	NA
614736	6.35953233633774e-06	NA
603813	6.12772121380654e-06	HYPERCHOLESTEROLEMIA, FAMILIAL, 4
615703	6.11823501916424e-06	NA
125853	5.91248240175406e-06	TYPE 2 DIABETES MELLITUS
615158	5.83779339233114e-06	NA
602014	5.2348370427144e-06	NA
144250	3.6439209802841e-06	NA
238600	3.26733447378358e-06	NA
125852	8.18054215109016e-07	NA
616214	7.39522790724061e-07	NA
614028	6.46984098161954e-07	NA
240900	6.23603303450264e-07	NA
602247	5.96536427250289e-07	NA
144650	5.66052683520672e-07	NA
612520	5.32941604120765e-07	NA
602025	5.29324302274787e-07	NA
615457	5.21304011120242e-07	NA
203800	5.18389683177459e-07	NA
144300	5.15997250801996e-07	NA
190430	5.11970593915959e-07	NA
613677	5.06308476773667e-07	NA
107741	5.03919235930116e-07	NA
144400	5.03040563831635e-07	NA
616511	4.88317190418395e-07	MATURITY-ONSET DIABETES OF THE YOUNG, TYPE 14
144010	4.58059431789018e-07	HYPERCHOLESTEROLEMIA, FAMILIAL, 2
616329	4.53585148906973e-07	NA
304900	4.47625418106813e-07	NA
136120	4.43652656835474e-07	NA
605019	4.35217950048874e-07	NA
601666	4.28985335533536e-07	NA
262190	4.25050522862254e-07	NA
207750	4.24268719670128e-07	NA
108725	4.13541207337088e-07	NA
612780	3.91534815170538e-07	NA
615954	3.91393008352096e-07	NA
147630	3.83872810314289e-07	NA
613877	3.77409191034346e-07	NA
215720	3.74336341472244e-07	NA
223500	3.73334377248203e-07	NA
277460	3.70464645321809e-07	NA
145750	3.69919214688124e-07	NA
608600	3.63364316754166e-07	NA
240600	3.52660879518067e-07	NA
612526	3.4822062542866e-07	NA
604367	3.45595177306443e-07	NA
608320	3.37726709596273e-07	NA
610374	3.16320144223728e-07	NA
607364	3.12438523271373e-07	NA
246200	3.03149238917964e-07	NA
615830	2.95124537241467e-07	NA
306000	2.847040324542e-07	NA
125800	2.7571386634237e-07	DIABETES INSIPIDUS, NEUROHYPOPHYSEAL, X-LINKED
219080	2.75165845019329e-07	NA
610475	2.75165845019329e-07	NA
610489	2.75165845019329e-07	NA
260370	2.71163737130972e-07	NA
144600	2.70430639236747e-07	NA
615238	2.67742314524471e-07	NA
614496	2.63731761732671e-07	NA
615962	2.56300440857088e-07	NA
614492	2.53716054715598e-07	NA
614495	2.4440055795175e-07	NA
610600	2.32179229965875e-07	NA
601942	2.30729320767655e-07	NA
260350	2.30312994801493e-07	NA
263800	2.20340528175937e-07	NA
613090	2.16392725335679e-07	NA
601678	2.10314634519866e-07	NA
614491	2.0838595679999e-07	NA
601820	2.04832777069627e-07	NA
300200	2.04163224781899e-07	NA
610508	2.00585998362724e-07	MATURITY-ONSET DIABETES OF THE YOUNG, TYPE 7
241200	2.00398993468122e-07	NA
601198	1.98261654324891e-07	NA
608709	1.91776853825153e-07	NA
615160	1.85386231200752e-07	NA
125851	1.84070592675159e-07	MATURITY-ONSET DIABETES OF THE YOUNG, TYPE 2
125850	1.83286819239631e-07	MATURITY-ONSET DIABETES OF THE YOUNG
154020	1.82763329224559e-07	NA
611718	1.81351979564733e-07	NA
103900	1.79561277667073e-07	NA
152200	1.70124982382202e-07	NA
118830	1.49795274461565e-07	NA
606824	1.44764245616774e-07	NA
615812	1.41788013847805e-07	NA
143470	1.41778278171175e-07	NA
191540	1.40716706886373e-07	NA
615947	1.36454420979443e-07	NA
177200	1.35509599188877e-07	NA
613327	1.32155261133776e-07	NA
606392	1.31267814091921e-07	MATURITY-ONSET DIABETES OF THE YOUNG, TYPE 4
145260	1.28129819926345e-07	NA
608189	1.26797607051896e-07	NA
300539	1.26399158578646e-07	NA
600496	1.22209049477929e-07	MATURITY-ONSET DIABETES OF THE YOUNG, TYPE 3
612227	1.16836391440316e-07	NA
606721	1.16628689839654e-07	NA
613743	1.16197796251996e-07	NA
614025	1.15569631617519e-07	NA
613370	1.15197969265252e-07	MATURITY-ONSET DIABETES OF THE YOUNG, TYPE 10
612671	1.13053723348892e-07	NA
143860	1.12833228626997e-07	NA
600089	1.11263151432964e-07	NA
605115	1.10056238143157e-07	NA
610582	1.09869182668139e-07	NA
167755	1.08298479630018e-07	NA
612225	1.07016424957985e-07	MATURITY-ONSET DIABETES OF THE YOUNG, TYPE 9
614662	1.06879041156446e-07	NA
103230	1.04339322393759e-07	NA
229500	1.03236498721329e-07	NA
171200	9.78244923671457e-08	NA
606394	9.75535064231746e-08	MATURITY-ONSET DIABETES OF THE YOUNG, TYPE 6
609812	9.68228758689235e-08	MATURITY-ONSET DIABETES OF THE YOUNG, TYPE 8
232220	9.64636768382241e-08	NA
208300	9.43701455161848e-08	NA
613347	9.32126621833191e-08	NA
616095	9.23819022895366e-08	NA
609734	9.09775780286903e-08	NA
191530	9.03900994353789e-08	NA
126150	9.0370758337548e-08	NA
276700	9.03318342812094e-08	NA
126900	9.0075432160776e-08	NA
167770	8.97458523539707e-08	NA
605911	8.95073901944076e-08	NA
151800	8.66460780060881e-08	NA
269200	8.33708313716212e-08	NA
615751	8.26158666834765e-08	NA
260450	8.25828355374519e-08	NA
614033	8.24130388620992e-08	NA
615026	8.04000687210469e-08	NA
268040	7.97024285959873e-08	NA
209300	7.95202874770907e-08	NA
609975	7.36664357149226e-08	NA
229800	7.34570503099511e-08	NA
174050	7.20713826263783e-08	NA
232200	7.13006712742467e-08	NA
613886	6.77893169170161e-08	NA
609197	6.77705663453881e-08	NA
263600	6.77638554284511e-08	NA
138900	5.64729429013009e-08	NA
601941	5.50956647724649e-08	NA
177735	5.32048314606135e-08	NA
205400	5.158800961229e-08	NA
557000	4.95262617199841e-08	NA
240150	4.72642979591651e-08	NA
610021	4.66674148571983e-08	NA
203400	4.56054607333195e-08	NA
256450	4.33360297451491e-08	NA
304800	4.04765477962537e-08	DIABETES INSIPIDUS, NEPHROGENIC, 1, X-LINKED
609968	3.92204726409015e-08	NA
615961	3.80698750184371e-08	NA
241150	3.7883678193947e-08	NA
264350	3.75353951634157e-08	NA
305700	3.68567314327136e-08	NA
232240	3.60374020057133e-08	NA
245900	3.42290502225593e-08	NA
251120	3.33058793395845e-08	NA
218030	3.12445897603054e-08	NA
610199	3.11298260131231e-08	NA
207780	2.95459431138202e-08	NA
138040	2.92822582933062e-08	NA
109160	2.91582510409284e-08	NA
129840	2.79063740675221e-08	NA
615517	2.58996812036909e-08	NA
602485	2.52643472545345e-08	NA
240200	2.52434091007369e-08	NA
109600	2.50280146190126e-08	NA
607616	2.41683710145285e-08	NA
214700	2.39283368138867e-08	NA
239350	2.3509013369904e-08	NA
179820	2.2573794402114e-08	NA
602475	2.17489336167993e-08	NA
240300	2.15560974910651e-08	NA
606528	2.13301650128702e-08	NA
601223	2.11774000967301e-08	NA
194470	2.07287361058654e-08	NA
615361	2.02331297867535e-08	NA
600955	1.92075563845116e-08	NA
606762	1.85636493937866e-08	NA
210740	1.78960461255746e-08	NA
249599	1.78960461255746e-08	NA
200100	1.76109728169633e-08	NA
615558	1.76109728169633e-08	NA
166700	1.65539439965071e-08	NA
209010	1.65539439965071e-08	NA
241080	1.65539439965071e-08	NA
560000	1.65539439965071e-08	NA
600952	1.5582724900147e-08	NA
168820	1.49149739385663e-08	NA
150170	1.38841628748182e-08	NA
145270	1.36984813946565e-08	NA
177600	1.36118688511063e-08	NA
143880	1.25634624891614e-08	NA
239199	1.24804150297064e-08	NA
124060	1.08250722140032e-08	NA
602722	9.65115488905627e-09	NA
132810	9.27182332834134e-09	NA
232900	9.26438193078606e-09	NA
600166	8.50820958796561e-09	NA
240800	6.25544669596183e-09	NA
212067	5.28664090005459e-09	NA
source	0	NA
target	0	NA
