DiseaseID	Score	DiseaseName
143890	1.77552808536132e-05	HYPERCHOLESTEROLEMIA, FAMILIAL, 1
601410	1.54779175275005e-05	TYPE 1 DIABETES MELLITUS 2
222100	1.38469453200687e-05	TYPE 1 DIABETES MELLITUS
601665	1.2431888713201e-05	NA
608594	8.82453328093503e-06	NA
269700	8.11583209884131e-06	NA
602522	8.03842894094305e-06	NA
613375	7.93492466609386e-06	MATURITY-ONSET DIABETES OF THE YOUNG, TYPE 11
615474	7.13647348519201e-06	NA
603776	6.9207835722459e-06	HYPERCHOLESTEROLEMIA, FAMILIAL, 3
615703	6.86623091093671e-06	NA
614736	6.74453773759371e-06	NA
614190	6.74151673544528e-06	NA
610947	6.70929657917332e-06	NA
616192	6.6983261677504e-06	NA
603813	6.49132676451409e-06	HYPERCHOLESTEROLEMIA, FAMILIAL, 4
219090	6.45638863940412e-06	NA
615158	6.35325586125819e-06	NA
167800	6.00643143865255e-06	NA
125853	5.92307159493464e-06	TYPE 2 DIABETES MELLITUS
605814	5.75508323075248e-06	NA
151660	5.54729000521148e-06	NA
602014	4.81810504915997e-06	NA
144250	3.43294057382907e-06	NA
238600	3.09217087636009e-06	NA
125852	8.69377542634208e-07	NA
616214	8.17198990430586e-07	NA
240900	6.2273985149445e-07	NA
614028	5.96408851938714e-07	NA
602247	5.70495028286862e-07	NA
613677	5.60933934050738e-07	NA
203800	5.41335180044293e-07	NA
144650	5.27070024956069e-07	NA
602025	5.21773702161021e-07	NA
612520	5.19737816539967e-07	NA
304900	5.1705831289109e-07	NA
615457	5.13836312654065e-07	NA
190430	5.04332473502834e-07	NA
144300	4.91868432255085e-07	NA
262190	4.87056898377032e-07	NA
107741	4.86554521170024e-07	NA
616511	4.83476973650101e-07	MATURITY-ONSET DIABETES OF THE YOUNG, TYPE 14
144400	4.80174048209703e-07	NA
616329	4.45551842098663e-07	NA
144010	4.32062489081521e-07	HYPERCHOLESTEROLEMIA, FAMILIAL, 2
601666	4.30921303378393e-07	NA
147630	4.25456574986513e-07	NA
613877	4.22285065105024e-07	NA
136120	4.1100109572016e-07	NA
240600	4.09382115474025e-07	NA
605019	4.05793549700172e-07	NA
608600	4.01022630119408e-07	NA
612780	4.00022351313101e-07	NA
108725	3.99680325336573e-07	NA
207750	3.94104554424461e-07	NA
612526	3.84953171827793e-07	NA
604367	3.83178455002804e-07	NA
615954	3.76315875460225e-07	NA
223500	3.74246840236181e-07	NA
277460	3.48084044308832e-07	NA
607364	3.40484955922013e-07	NA
246200	3.39378595753904e-07	NA
145750	3.37049358122638e-07	NA
215720	3.36418694401893e-07	NA
608320	3.32687414437551e-07	NA
610374	3.29259545484544e-07	NA
125800	3.27179847256325e-07	DIABETES INSIPIDUS, NEUROHYPOPHYSEAL, X-LINKED
615238	2.9131303009519e-07	NA
260370	2.78561965570137e-07	NA
614496	2.71122410332666e-07	NA
615830	2.6422239267045e-07	NA
614492	2.61741208919726e-07	NA
610600	2.54658214036377e-07	NA
144600	2.5199359663027e-07	NA
614495	2.51754200033942e-07	NA
219080	2.4466071552061e-07	NA
610475	2.4466071552061e-07	NA
610489	2.4466071552061e-07	NA
601942	2.44269469562314e-07	NA
615962	2.40998432560942e-07	NA
306000	2.40399071594454e-07	NA
613090	2.3862212918932e-07	NA
601678	2.30491306014823e-07	NA
260350	2.26241165186041e-07	NA
241200	2.19605505160185e-07	NA
300200	2.16971539325225e-07	NA
614491	2.12476031907249e-07	NA
263800	2.10329091567665e-07	NA
601820	2.08524730099503e-07	NA
608709	2.02956388121408e-07	NA
610508	1.98807388826215e-07	MATURITY-ONSET DIABETES OF THE YOUNG, TYPE 7
615160	1.97576441151695e-07	NA
601198	1.8578627098694e-07	NA
125851	1.82243632942649e-07	MATURITY-ONSET DIABETES OF THE YOUNG, TYPE 2
125850	1.81192691000022e-07	MATURITY-ONSET DIABETES OF THE YOUNG
103900	1.770722409586e-07	NA
154020	1.68601012431145e-07	NA
611718	1.68095679434957e-07	NA
613327	1.59679056970814e-07	NA
606824	1.54593900361423e-07	NA
152200	1.51786211703227e-07	NA
615812	1.47207986584409e-07	NA
177200	1.43439176964948e-07	NA
615947	1.40154591388549e-07	NA
143470	1.40019740915168e-07	NA
118830	1.39700048986894e-07	NA
145260	1.3520627997194e-07	NA
300539	1.34010535303375e-07	NA
606392	1.3251676972563e-07	MATURITY-ONSET DIABETES OF THE YOUNG, TYPE 4
191540	1.2749371399897e-07	NA
600496	1.23671913731287e-07	MATURITY-ONSET DIABETES OF THE YOUNG, TYPE 3
608189	1.19893336234107e-07	NA
605115	1.16425290982586e-07	NA
614025	1.14278647839913e-07	NA
613743	1.14012089801624e-07	NA
143860	1.12968501834508e-07	NA
612227	1.12802830016595e-07	NA
613370	1.12575160392131e-07	MATURITY-ONSET DIABETES OF THE YOUNG, TYPE 10
600089	1.12518403516571e-07	NA
229500	1.10833497110725e-07	NA
610582	1.09892627885593e-07	NA
614662	1.07022545400607e-07	NA
612225	1.03644214529004e-07	MATURITY-ONSET DIABETES OF THE YOUNG, TYPE 9
167755	1.03592684217153e-07	NA
606721	1.02499818142645e-07	NA
103230	1.00753532857075e-07	NA
612671	9.84929042854937e-08	NA
605911	9.62577696448252e-08	NA
616095	9.56565845299794e-08	NA
606394	9.53663504931361e-08	MATURITY-ONSET DIABETES OF THE YOUNG, TYPE 6
171200	9.45969503314673e-08	NA
232220	9.30755587346258e-08	NA
126150	9.22953018715924e-08	NA
191530	9.20340847856568e-08	NA
126900	9.13954067086938e-08	NA
609812	9.09706865533566e-08	MATURITY-ONSET DIABETES OF THE YOUNG, TYPE 8
609734	8.98350474701125e-08	NA
615751	8.92955815665239e-08	NA
276700	8.89832423152743e-08	NA
208300	8.83779620994904e-08	NA
268040	8.78037850577359e-08	NA
614033	8.75118862788817e-08	NA
613347	8.72849061518083e-08	NA
615026	8.56289987387751e-08	NA
167770	8.39768433607795e-08	NA
229800	7.86327089270225e-08	NA
269200	7.85297605911496e-08	NA
609975	7.78650961900676e-08	NA
260450	7.65203574026741e-08	NA
151800	7.41673253188601e-08	NA
209300	7.36530261581862e-08	NA
609197	7.32915360802353e-08	NA
263600	7.27773291458984e-08	NA
232200	6.78116357928237e-08	NA
613886	6.68042176372309e-08	NA
174050	6.65030265684271e-08	NA
138900	5.81496544453011e-08	NA
601941	5.69076883211638e-08	NA
177735	5.64897811770583e-08	NA
557000	5.36191488118125e-08	NA
203400	4.96822065118351e-08	NA
205400	4.85067213992538e-08	NA
610021	4.78419601824651e-08	NA
304800	4.54960437407332e-08	DIABETES INSIPIDUS, NEPHROGENIC, 1, X-LINKED
240150	4.48352445164432e-08	NA
256450	4.44020579797838e-08	NA
609968	4.2087430872973e-08	NA
241150	4.03496689924548e-08	NA
264350	3.9642374129416e-08	NA
615961	3.91506970829918e-08	NA
305700	3.65500346890193e-08	NA
232240	3.42196070503483e-08	NA
218030	3.33499088376531e-08	NA
245900	3.19957003586033e-08	NA
251120	3.17616243092769e-08	NA
610199	3.15611737371963e-08	NA
207780	3.13932892206771e-08	NA
129840	3.01233030267161e-08	NA
138040	2.93630457550949e-08	NA
109160	2.8351050619682e-08	NA
602485	2.67111474388e-08	NA
615517	2.64635007984058e-08	NA
240200	2.61328104310893e-08	NA
239350	2.575261027858e-08	NA
214700	2.55586627220044e-08	NA
109600	2.46958778851245e-08	NA
179820	2.31178405163624e-08	NA
606528	2.27382912150139e-08	NA
607616	2.23923527182468e-08	NA
602475	2.18879671477904e-08	NA
240300	2.15602908828214e-08	NA
601223	2.08539318379875e-08	NA
194470	2.03214221286176e-08	NA
615361	2.02972750618032e-08	NA
600955	1.99562222416275e-08	NA
606762	1.94766245631559e-08	NA
210740	1.82145951608132e-08	NA
249599	1.82145951608132e-08	NA
166700	1.68486016082057e-08	NA
209010	1.68486016082057e-08	NA
241080	1.68486016082057e-08	NA
560000	1.68486016082057e-08	NA
200100	1.63178600850636e-08	NA
615558	1.63178600850636e-08	NA
600952	1.62265720588332e-08	NA
168820	1.4628058737635e-08	NA
143880	1.45174289775529e-08	NA
239199	1.36438948800212e-08	NA
150170	1.34159202558867e-08	NA
177600	1.33374486151036e-08	NA
145270	1.33097349931675e-08	NA
124060	1.08619532071101e-08	NA
602722	1.00899830999814e-08	NA
132810	9.32749036409776e-09	NA
600166	8.67259439953836e-09	NA
232900	8.60707931190659e-09	NA
240800	6.558339707125e-09	NA
212067	5.69857015007872e-09	NA
source	0	NA
target	0	NA
