DiseaseID	Score	DiseaseName
610947	0.00230557122587833	NA
603813	4.00856586470784e-05	HYPERCHOLESTEROLEMIA, FAMILIAL, 4
603776	3.89028976844833e-05	HYPERCHOLESTEROLEMIA, FAMILIAL, 3
615703	3.8060391118598e-05	NA
108725	3.4883351676327e-05	NA
145750	3.41221319127368e-05	NA
608320	3.29681684346354e-05	NA
144600	3.24377439021686e-05	NA
614028	3.22255023575421e-05	NA
152200	3.18457376452703e-05	NA
191540	3.00164570910143e-05	NA
612671	2.98952638614277e-05	NA
612520	2.96306512829932e-05	NA
143890	2.0595977932792e-05	HYPERCHOLESTEROLEMIA, FAMILIAL, 1
601410	1.43670228565847e-05	TYPE 1 DIABETES MELLITUS 2
222100	1.22448359586466e-05	TYPE 1 DIABETES MELLITUS
601665	1.17400091814425e-05	NA
151660	8.7415069238771e-06	NA
602522	8.14849202415233e-06	NA
613375	7.81843941757387e-06	MATURITY-ONSET DIABETES OF THE YOUNG, TYPE 11
602014	7.75869409679185e-06	NA
144250	7.62536993062903e-06	NA
608594	7.55953829139122e-06	NA
614736	7.41842687643728e-06	NA
616192	7.16715386020549e-06	NA
615474	6.98831903072224e-06	NA
269700	6.90717878305856e-06	NA
614190	6.7612103559892e-06	NA
219090	6.30566233452672e-06	NA
605814	6.11564402428165e-06	NA
167800	5.49411611703727e-06	NA
125853	5.2165853521223e-06	TYPE 2 DIABETES MELLITUS
615158	4.96265611038059e-06	NA
144400	4.78028711905229e-06	NA
144650	4.41742403090993e-06	NA
238600	3.60613830006866e-06	NA
602247	3.38591154372899e-06	NA
605019	3.30438190352911e-06	NA
107741	3.28429116720297e-06	NA
144300	2.94507870794628e-06	NA
144010	2.5519453248592e-06	HYPERCHOLESTEROLEMIA, FAMILIAL, 2
109160	2.04769106415429e-06	NA
614025	1.91898285046469e-06	NA
136120	1.8916818838567e-06	NA
143470	1.76273389584785e-06	NA
615160	1.68432761776761e-06	NA
604367	1.59249735472628e-06	NA
203800	1.57190311559567e-06	NA
138900	1.56561540075957e-06	NA
615812	1.54972251936059e-06	NA
125852	1.52760039720556e-06	NA
150170	1.51031172691462e-06	NA
232900	1.48041211717965e-06	NA
207750	1.34186915610163e-06	NA
191530	1.27355978602628e-06	NA
616214	1.24481345245431e-06	NA
277460	1.16741825461719e-06	NA
205400	1.1430188559564e-06	NA
601666	1.03447867310391e-06	NA
615947	9.84242655536952e-07	NA
616329	9.70400829947924e-07	NA
232220	9.52068795420222e-07	NA
232240	9.49755353854363e-07	NA
145270	9.34905238050977e-07	NA
616511	9.15548339491574e-07	MATURITY-ONSET DIABETES OF THE YOUNG, TYPE 14
601223	9.03403894323296e-07	NA
612526	8.98402038971541e-07	NA
168820	8.69288729847905e-07	NA
194470	8.68414886720216e-07	NA
232200	8.41389114268474e-07	NA
177600	8.0634514955834e-07	NA
613877	7.99323090438356e-07	NA
615751	7.9400491250248e-07	NA
306000	7.23396132408173e-07	NA
606762	6.90646919540628e-07	NA
615238	6.72422819179107e-07	NA
109600	6.59653221080723e-07	NA
610374	6.51971177984314e-07	NA
126150	6.14682667839897e-07	NA
240900	6.14133568982675e-07	NA
601942	5.95596815101781e-07	NA
245900	5.80886687252763e-07	NA
606721	5.7430521724021e-07	NA
610508	5.62296985704315e-07	MATURITY-ONSET DIABETES OF THE YOUNG, TYPE 7
602025	5.61064125591064e-07	NA
608600	5.56040815413491e-07	NA
615457	5.52746749291077e-07	NA
613677	5.28129695568724e-07	NA
610582	5.12948313279638e-07	NA
615026	5.11233867640512e-07	NA
606392	5.0809546544863e-07	MATURITY-ONSET DIABETES OF THE YOUNG, TYPE 4
613370	5.05628274988873e-07	MATURITY-ONSET DIABETES OF THE YOUNG, TYPE 10
612780	5.03702105931878e-07	NA
612225	5.03536197855422e-07	MATURITY-ONSET DIABETES OF THE YOUNG, TYPE 9
200100	4.99791053643865e-07	NA
615558	4.99791053643865e-07	NA
304900	4.88705046839612e-07	NA
190430	4.85732679311984e-07	NA
607616	4.85280976326119e-07	NA
262190	4.72787382719433e-07	NA
125851	4.40634965465779e-07	MATURITY-ONSET DIABETES OF THE YOUNG, TYPE 2
268040	4.37760897878908e-07	NA
612227	4.35923811648349e-07	NA
147630	4.26033462205554e-07	NA
240600	4.21816271710426e-07	NA
601941	4.05380217957155e-07	NA
269200	4.00593596494071e-07	NA
246200	3.89776118104677e-07	NA
223500	3.80653736498633e-07	NA
615954	3.75212746770032e-07	NA
615961	3.69583680845861e-07	NA
557000	3.63565573397775e-07	NA
215720	3.56613593087709e-07	NA
610199	3.51648813437001e-07	NA
125850	3.4958571405719e-07	MATURITY-ONSET DIABETES OF THE YOUNG
210740	3.4579495339922e-07	NA
249599	3.4579495339922e-07	NA
607364	3.45014426195831e-07	NA
240300	3.43895947161482e-07	NA
207780	3.36565004024801e-07	NA
615830	3.31679260921593e-07	NA
602475	3.28242876303962e-07	NA
166700	3.19860425517724e-07	NA
209010	3.19860425517724e-07	NA
241080	3.19860425517724e-07	NA
560000	3.19860425517724e-07	NA
263800	3.12443254779215e-07	NA
125800	2.92726574855251e-07	DIABETES INSIPIDUS, NEUROHYPOPHYSEAL, X-LINKED
614496	2.92498418523393e-07	NA
601198	2.87697819413434e-07	NA
154020	2.70178634183115e-07	NA
614495	2.69700549357374e-07	NA
260370	2.69476338947186e-07	NA
611718	2.66896325067236e-07	NA
610600	2.61332980058855e-07	NA
608709	2.59625339602373e-07	NA
614492	2.55309128602694e-07	NA
615962	2.52415777323446e-07	NA
219080	2.44230567208296e-07	NA
610475	2.44230567208296e-07	NA
610489	2.44230567208296e-07	NA
613090	2.42730790576139e-07	NA
601678	2.42022295719352e-07	NA
241200	2.31411457015575e-07	NA
118830	2.28527630192323e-07	NA
601820	2.23919834892482e-07	NA
260350	2.23917971212581e-07	NA
614491	2.17516102361699e-07	NA
614033	2.11819142556215e-07	NA
300200	2.06791210372714e-07	NA
276700	1.97507825288545e-07	NA
613327	1.81952819594252e-07	NA
124060	1.78373201866228e-07	NA
600496	1.76136713610797e-07	MATURITY-ONSET DIABETES OF THE YOUNG, TYPE 3
103900	1.71323326049041e-07	NA
606824	1.71150022837506e-07	NA
606394	1.64878722773481e-07	MATURITY-ONSET DIABETES OF THE YOUNG, TYPE 6
103230	1.64516258135285e-07	NA
616095	1.64143397140386e-07	NA
615517	1.61168444562771e-07	NA
132810	1.44571704201913e-07	NA
177200	1.44513642244862e-07	NA
600089	1.38907187701058e-07	NA
300539	1.3678792087389e-07	NA
145260	1.36372580454613e-07	NA
605911	1.34894456895767e-07	NA
151800	1.32807682423029e-07	NA
614662	1.30708453762349e-07	NA
608189	1.25409399675729e-07	NA
613743	1.19415481636759e-07	NA
605115	1.1921779928958e-07	NA
229500	1.18146316540068e-07	NA
167755	1.15162739262517e-07	NA
609812	1.14484044151828e-07	MATURITY-ONSET DIABETES OF THE YOUNG, TYPE 8
171200	1.11355597886186e-07	NA
263600	1.07076417069893e-07	NA
609734	1.06874916190631e-07	NA
208300	1.06800951389772e-07	NA
143860	1.04398472821005e-07	NA
609975	1.02630140420825e-07	NA
609197	1.02087747949923e-07	NA
610021	9.90946661466903e-08	NA
138040	9.43483523935025e-08	NA
229800	9.34496299345043e-08	NA
126900	9.19104732639161e-08	NA
167770	8.31130950415059e-08	NA
613347	8.24070224226847e-08	NA
609968	8.11659327573062e-08	NA
602485	7.39803991909654e-08	NA
260450	7.15321348228798e-08	NA
256450	6.99576833546688e-08	NA
613886	6.90151858859903e-08	NA
209300	6.81573154684678e-08	NA
174050	6.41481043464085e-08	NA
177735	5.60461325755453e-08	NA
251120	5.58459103385929e-08	NA
240150	5.50996749671878e-08	NA
129840	5.37192735437763e-08	NA
179820	5.15402017739633e-08	NA
203400	4.88377796234375e-08	NA
600952	4.78919946776347e-08	NA
241150	4.59371381501071e-08	NA
304800	4.48773467920197e-08	DIABETES INSIPIDUS, NEPHROGENIC, 1, X-LINKED
606528	4.17023266772579e-08	NA
264350	4.01780357595082e-08	NA
305700	3.77886899839302e-08	NA
218030	3.33557988051455e-08	NA
240800	3.11140859434854e-08	NA
615361	3.00396380204522e-08	NA
239350	2.85629596380859e-08	NA
240200	2.69535590166128e-08	NA
214700	2.58381984414923e-08	NA
600166	2.27908888492586e-08	NA
600955	2.13051428220199e-08	NA
239199	1.52048710154164e-08	NA
143880	1.37720625957373e-08	NA
602722	1.31241977388965e-08	NA
212067	7.10143519075724e-09	NA
source	0	NA
target	0	NA
