DiseaseID	Score	DiseaseName
143890	1.98495467248015e-05	HYPERCHOLESTEROLEMIA, FAMILIAL, 1
601410	1.47956598111973e-05	TYPE 1 DIABETES MELLITUS 2
601665	1.46994163778036e-05	NA
222100	1.18532242931937e-05	TYPE 1 DIABETES MELLITUS
151660	1.06404947086158e-05	NA
613375	9.13417044762908e-06	MATURITY-ONSET DIABETES OF THE YOUNG, TYPE 11
615474	8.48582746628537e-06	NA
269700	8.16309373270328e-06	NA
603813	7.35575727323848e-06	HYPERCHOLESTEROLEMIA, FAMILIAL, 4
125853	7.15257191898294e-06	TYPE 2 DIABETES MELLITUS
602014	6.99447987613973e-06	NA
219090	6.93499041064661e-06	NA
608594	6.7817410091758e-06	NA
616192	6.72390192150444e-06	NA
610947	6.54733450179775e-06	NA
614736	6.36255012578742e-06	NA
167800	6.32489266108719e-06	NA
602522	6.07992953561886e-06	NA
614190	6.07935222941236e-06	NA
615158	5.94824399300028e-06	NA
603776	5.84872880307268e-06	HYPERCHOLESTEROLEMIA, FAMILIAL, 3
605814	5.72284898413981e-06	NA
615703	5.57597176132461e-06	NA
144250	4.58945694371387e-06	NA
238600	4.16471969264823e-06	NA
125852	8.36145529541229e-07	NA
616214	7.573943434166e-07	NA
240900	7.06922854589068e-07	NA
602247	6.34903858508216e-07	NA
602025	6.1214771784586e-07	NA
615457	6.02928377741585e-07	NA
190430	5.93019360739441e-07	NA
614028	5.86304610763256e-07	NA
203800	5.61270721307159e-07	NA
144300	5.35425016230005e-07	NA
107741	5.30434699467141e-07	NA
144650	5.2921833218291e-07	NA
613677	5.25960312208e-07	NA
144400	5.11073237725522e-07	NA
612520	5.10162720183705e-07	NA
144010	4.90880085561583e-07	HYPERCHOLESTEROLEMIA, FAMILIAL, 2
616511	4.86971932777635e-07	MATURITY-ONSET DIABETES OF THE YOUNG, TYPE 14
136120	4.64346343078248e-07	NA
207750	4.59735932938598e-07	NA
616329	4.53941368152218e-07	NA
262190	4.51532375451414e-07	NA
608600	4.37324673756991e-07	NA
613877	4.34308407386538e-07	NA
304900	4.30700461895402e-07	NA
612780	4.25729815096389e-07	NA
601666	4.22009187032803e-07	NA
612526	4.16973385410465e-07	NA
145750	4.13840034652597e-07	NA
604367	4.12470129243971e-07	NA
108725	3.93076703820885e-07	NA
147630	3.91635637698025e-07	NA
277460	3.90362105887585e-07	NA
605019	3.85401589319641e-07	NA
615954	3.76694327463636e-07	NA
223500	3.65623510485964e-07	NA
240600	3.63098542398739e-07	NA
246200	3.61940935913639e-07	NA
215720	3.40652460542839e-07	NA
610374	3.37621704406524e-07	NA
608320	3.13925288557392e-07	NA
607364	3.11021577656071e-07	NA
615238	3.02416256935775e-07	NA
125800	2.81039734221097e-07	DIABETES INSIPIDUS, NEUROHYPOPHYSEAL, X-LINKED
263800	2.8014692223854e-07	NA
144600	2.77968534410606e-07	NA
614496	2.77777692947961e-07	NA
260370	2.7375185915607e-07	NA
614492	2.67036841488312e-07	NA
615962	2.66172014476857e-07	NA
615830	2.6571284661828e-07	NA
614495	2.57698303695387e-07	NA
601198	2.56979290952163e-07	NA
608709	2.56738300240908e-07	NA
306000	2.54845619103389e-07	NA
219080	2.46211518714004e-07	NA
610475	2.46211518714004e-07	NA
610489	2.46211518714004e-07	NA
154020	2.43373104305534e-07	NA
611718	2.39592806929613e-07	NA
260350	2.37427337137821e-07	NA
601942	2.35104122417011e-07	NA
610508	2.25162275878366e-07	MATURITY-ONSET DIABETES OF THE YOUNG, TYPE 7
614491	2.20408299129531e-07	NA
601820	2.15150799984236e-07	NA
610600	2.11596648635348e-07	NA
125851	2.08539050728361e-07	MATURITY-ONSET DIABETES OF THE YOUNG, TYPE 2
125850	2.07065995294797e-07	MATURITY-ONSET DIABETES OF THE YOUNG
300200	2.06210424017204e-07	NA
613090	1.91097552273601e-07	NA
601678	1.89069195556966e-07	NA
615160	1.86921400378461e-07	NA
103900	1.85359688635927e-07	NA
241200	1.79205770243659e-07	NA
152200	1.64538108874238e-07	NA
177200	1.61609423981705e-07	NA
606721	1.60949958958397e-07	NA
118830	1.60782351676074e-07	NA
145260	1.53360335433067e-07	NA
300539	1.52840107772329e-07	NA
606392	1.48652016062931e-07	MATURITY-ONSET DIABETES OF THE YOUNG, TYPE 4
606824	1.45616268642139e-07	NA
615947	1.44579027741521e-07	NA
615812	1.42286105805171e-07	NA
600496	1.4132530650029e-07	MATURITY-ONSET DIABETES OF THE YOUNG, TYPE 3
614025	1.3800716554925e-07	NA
605115	1.34067058183797e-07	NA
613327	1.3403205301967e-07	NA
143470	1.29325102125311e-07	NA
151800	1.28306786372338e-07	NA
191540	1.27944999475748e-07	NA
600089	1.27672358054931e-07	NA
610582	1.27178408998112e-07	NA
143860	1.26214144314926e-07	NA
608189	1.25101037884996e-07	NA
613370	1.24276484471962e-07	MATURITY-ONSET DIABETES OF THE YOUNG, TYPE 10
612225	1.16245824789459e-07	MATURITY-ONSET DIABETES OF THE YOUNG, TYPE 9
612227	1.16010933328868e-07	NA
614662	1.15767857714749e-07	NA
232220	1.1239942276567e-07	NA
229500	1.08094687377816e-07	NA
167755	1.07601479350195e-07	NA
126900	1.07580913207637e-07	NA
606394	1.06795506756679e-07	MATURITY-ONSET DIABETES OF THE YOUNG, TYPE 6
613743	1.04161339917626e-07	NA
609734	1.00293236492716e-07	NA
605911	9.84105691586071e-08	NA
612671	9.60521485733135e-08	NA
609812	9.5728390504171e-08	MATURITY-ONSET DIABETES OF THE YOUNG, TYPE 8
276700	9.52217961219493e-08	NA
208300	9.33657278371616e-08	NA
103230	9.24599708913943e-08	NA
616095	9.20038500321047e-08	NA
613347	9.11308193764478e-08	NA
167770	8.80275734345124e-08	NA
171200	8.75540765705809e-08	NA
232200	8.52796353368288e-08	NA
614033	8.47952984631345e-08	NA
615751	8.37520468974693e-08	NA
269200	8.12351276399607e-08	NA
615026	8.07195976012676e-08	NA
126150	8.05186202353508e-08	NA
260450	8.05056488075647e-08	NA
191530	7.98338620772599e-08	NA
609975	7.94346584854001e-08	NA
613886	7.84458331989371e-08	NA
209300	7.74885104129108e-08	NA
229800	7.61973104929367e-08	NA
268040	7.60048298331019e-08	NA
174050	7.04177531200015e-08	NA
263600	7.00557667203365e-08	NA
609197	6.95865168002555e-08	NA
138900	6.17070735524505e-08	NA
240150	5.96480696138756e-08	NA
601941	5.67382235502101e-08	NA
177735	5.55054926291814e-08	NA
205400	5.14104764753048e-08	NA
557000	4.99761727336761e-08	NA
610021	4.84575590138872e-08	NA
203400	4.67174508049935e-08	NA
256450	4.66574206692336e-08	NA
305700	4.22349678151764e-08	NA
609968	4.13792604291238e-08	NA
241150	4.05778307152583e-08	NA
304800	3.95916455109627e-08	DIABETES INSIPIDUS, NEPHROGENIC, 1, X-LINKED
232240	3.87787144841137e-08	NA
264350	3.82066293211649e-08	NA
615961	3.81574519553631e-08	NA
245900	3.35233505081948e-08	NA
218030	3.33230099435489e-08	NA
207780	3.19031135984806e-08	NA
138040	3.14500910001118e-08	NA
251120	3.1336272609811e-08	NA
610199	3.10434605227926e-08	NA
129840	2.88278571089213e-08	NA
109160	2.83990261033599e-08	NA
240200	2.6972009289423e-08	NA
615517	2.68076172113477e-08	NA
602485	2.59953572343103e-08	NA
179820	2.45301507856692e-08	NA
214700	2.44868867809369e-08	NA
239350	2.4399666118609e-08	NA
109600	2.42794457150069e-08	NA
607616	2.33020180434449e-08	NA
615361	2.29359534657457e-08	NA
606528	2.17400265554269e-08	NA
602475	2.16525853054633e-08	NA
240300	2.1265478658126e-08	NA
601223	2.06606168127125e-08	NA
194470	2.0450227847623e-08	NA
600955	1.99382801814247e-08	NA
606762	1.89648033961377e-08	NA
210740	1.7720395788313e-08	NA
249599	1.7720395788313e-08	NA
166700	1.63914678621544e-08	NA
209010	1.63914678621544e-08	NA
241080	1.63914678621544e-08	NA
560000	1.63914678621544e-08	NA
200100	1.62172389520789e-08	NA
615558	1.62172389520789e-08	NA
600952	1.58660961478275e-08	NA
168820	1.40038811830593e-08	NA
150170	1.36030701855066e-08	NA
177600	1.34902790523817e-08	NA
145270	1.30093095329277e-08	NA
143880	1.22968195906039e-08	NA
239199	1.18026917845849e-08	NA
124060	1.0579831312818e-08	NA
132810	9.90741600593635e-09	NA
602722	9.55801171477516e-09	NA
600166	9.34160510933419e-09	NA
232900	8.84613489672042e-09	NA
240800	6.6271454876796e-09	NA
212067	5.47657978020189e-09	NA
source	0	NA
target	0	NA
