DiseaseID	Score	DiseaseName
143890	1.98911873080296e-05	HYPERCHOLESTEROLEMIA, FAMILIAL, 1
601410	1.5250313141054e-05	TYPE 1 DIABETES MELLITUS 2
222100	1.2977572556371e-05	TYPE 1 DIABETES MELLITUS
601665	1.282143752495e-05	NA
269700	9.65355958303385e-06	NA
613375	8.44628569370847e-06	MATURITY-ONSET DIABETES OF THE YOUNG, TYPE 11
219090	7.28316879140271e-06	NA
605814	7.24018701412579e-06	NA
610947	7.21331778997587e-06	NA
603813	7.20555014349722e-06	HYPERCHOLESTEROLEMIA, FAMILIAL, 4
614190	7.18672287588943e-06	NA
616192	7.16986835583725e-06	NA
602522	7.00397596639629e-06	NA
614736	6.75049063141735e-06	NA
615703	6.73861954751266e-06	NA
608594	6.63782865531637e-06	NA
615474	6.53519627818673e-06	NA
602014	6.4700415512279e-06	NA
167800	6.46619775498512e-06	NA
615158	6.37818602510504e-06	NA
151660	6.29845348110653e-06	NA
125853	5.42763297515196e-06	TYPE 2 DIABETES MELLITUS
603776	4.91719797318903e-06	HYPERCHOLESTEROLEMIA, FAMILIAL, 3
144250	4.26509136369968e-06	NA
238600	3.88644219356976e-06	NA
125852	8.54870420907272e-07	NA
616214	7.98164781008094e-07	NA
240900	6.40962612123142e-07	NA
614028	6.40264366258031e-07	NA
602247	6.14194718048675e-07	NA
144650	5.74054977495522e-07	NA
203800	5.56649103876297e-07	NA
602025	5.40446002979982e-07	NA
107741	5.37122659317273e-07	NA
613677	5.36200360610922e-07	NA
612520	5.35514447306056e-07	NA
615457	5.32240493282679e-07	NA
190430	5.22505996636448e-07	NA
144300	5.20659268920722e-07	NA
616511	5.01873411151406e-07	MATURITY-ONSET DIABETES OF THE YOUNG, TYPE 14
144400	5.00156449655339e-07	NA
144010	4.85597635502427e-07	HYPERCHOLESTEROLEMIA, FAMILIAL, 2
262190	4.77414931853054e-07	NA
304900	4.75892127604026e-07	NA
136120	4.63937233918619e-07	NA
616329	4.63641274444678e-07	NA
207750	4.51719483637106e-07	NA
601666	4.40027289495263e-07	NA
605019	4.32090969287982e-07	NA
612780	4.30649318856334e-07	NA
613877	4.19468808000761e-07	NA
147630	4.13679129663404e-07	NA
608600	4.02042888753326e-07	NA
108725	3.99841300219402e-07	NA
615954	3.93732120024703e-07	NA
240600	3.90751065614667e-07	NA
277460	3.88313391322014e-07	NA
612526	3.86791728511857e-07	NA
604367	3.85439260177613e-07	NA
215720	3.85342074310922e-07	NA
223500	3.82925540337601e-07	NA
145750	3.74372918126255e-07	NA
246200	3.40056261163757e-07	NA
608320	3.23172727401939e-07	NA
610374	3.20632874688728e-07	NA
607364	3.09025583280797e-07	NA
125800	3.06459668403301e-07	DIABETES INSIPIDUS, NEUROHYPOPHYSEAL, X-LINKED
306000	2.98089355730843e-07	NA
615830	2.89615783773829e-07	NA
144600	2.80660633985885e-07	NA
260370	2.80557487461444e-07	NA
219080	2.69178625852481e-07	NA
610475	2.69178625852481e-07	NA
610489	2.69178625852481e-07	NA
614496	2.67717974929359e-07	NA
615238	2.65920956389749e-07	NA
263800	2.639565600293e-07	NA
614492	2.57710007065812e-07	NA
615962	2.4877528577122e-07	NA
614495	2.48690075823634e-07	NA
601942	2.41483438995951e-07	NA
601198	2.40658871205747e-07	NA
260350	2.36478830889371e-07	NA
608709	2.33648942991766e-07	NA
610600	2.31291212248182e-07	NA
154020	2.25423865110057e-07	NA
611718	2.22695295015863e-07	NA
613090	2.13822811853055e-07	NA
601820	2.13585945582902e-07	NA
300200	2.13564599922387e-07	NA
601678	2.09604289556413e-07	NA
614491	2.07931620737074e-07	NA
241200	1.99367061559581e-07	NA
615160	1.97607754223157e-07	NA
610508	1.97160728824472e-07	MATURITY-ONSET DIABETES OF THE YOUNG, TYPE 7
125851	1.7888888492315e-07	MATURITY-ONSET DIABETES OF THE YOUNG, TYPE 2
125850	1.77860795065591e-07	MATURITY-ONSET DIABETES OF THE YOUNG
103900	1.75119025213727e-07	NA
152200	1.68821575060913e-07	NA
118830	1.58331112367447e-07	NA
606824	1.55220670831092e-07	NA
615947	1.52886420336785e-07	NA
615812	1.49791701592416e-07	NA
191540	1.35707183864058e-07	NA
177200	1.33653983842475e-07	NA
614025	1.32273872339405e-07	NA
613327	1.2889417895516e-07	NA
608189	1.27520471757638e-07	NA
145260	1.26393644531911e-07	NA
606392	1.26386035515328e-07	MATURITY-ONSET DIABETES OF THE YOUNG, TYPE 4
300539	1.2633042073435e-07	NA
143470	1.20688747423946e-07	NA
613743	1.18610316015489e-07	NA
612227	1.17730872182217e-07	NA
600496	1.16676641209573e-07	MATURITY-ONSET DIABETES OF THE YOUNG, TYPE 3
613370	1.16388672337676e-07	MATURITY-ONSET DIABETES OF THE YOUNG, TYPE 10
606721	1.13205552102095e-07	NA
614662	1.10932530326121e-07	NA
229500	1.10584239763499e-07	NA
167755	1.09088956469449e-07	NA
143860	1.08428478023425e-07	NA
232220	1.08252890151921e-07	NA
605115	1.08183900935148e-07	NA
612225	1.08175026725967e-07	MATURITY-ONSET DIABETES OF THE YOUNG, TYPE 9
600089	1.06326562744674e-07	NA
103230	1.05883218075738e-07	NA
612671	1.04192174591206e-07	NA
610582	1.03903812778885e-07	NA
171200	9.93120393032651e-08	NA
616095	9.91413189794447e-08	NA
606394	9.84661282132434e-08	MATURITY-ONSET DIABETES OF THE YOUNG, TYPE 6
609812	9.69939377627371e-08	MATURITY-ONSET DIABETES OF THE YOUNG, TYPE 8
276700	9.60331246993859e-08	NA
208300	9.50411828269501e-08	NA
609734	9.41218744566631e-08	NA
613347	9.31798896376861e-08	NA
605911	9.13190294803278e-08	NA
167770	8.99174477554527e-08	NA
615751	8.93540267030943e-08	NA
614033	8.7594961816874e-08	NA
268040	8.6837158619907e-08	NA
615026	8.65368788179655e-08	NA
126900	8.49683927530445e-08	NA
269200	8.33041533949076e-08	NA
260450	8.21507434949943e-08	NA
151800	8.208103471034e-08	NA
609975	8.19818455585345e-08	NA
232200	8.16641745568601e-08	NA
209300	7.90882374285546e-08	NA
229800	7.84074228463659e-08	NA
609197	7.32093545769081e-08	NA
263600	7.27097824402753e-08	NA
174050	7.18026319758449e-08	NA
613886	6.92018593627112e-08	NA
126150	6.82735104443984e-08	NA
191530	6.81644854984518e-08	NA
138900	5.8634423935622e-08	NA
601941	5.66009831667624e-08	NA
240150	5.58777164074591e-08	NA
177735	5.4072304159037e-08	NA
557000	5.27987055295039e-08	NA
205400	5.24370879033785e-08	NA
610021	4.84620898075217e-08	NA
203400	4.69121173802403e-08	NA
256450	4.52076723473258e-08	NA
304800	4.2235682689424e-08	DIABETES INSIPIDUS, NEPHROGENIC, 1, X-LINKED
609968	4.16564260124234e-08	NA
241150	4.12213592207568e-08	NA
615961	3.94682846325673e-08	NA
232240	3.80095885889107e-08	NA
305700	3.77472322301168e-08	NA
264350	3.75794801986411e-08	NA
251120	3.47462912465722e-08	NA
245900	3.45853859139109e-08	NA
610199	3.20351657631519e-08	NA
218030	3.17435379122634e-08	NA
207780	3.15667455261389e-08	NA
129840	2.92869571753932e-08	NA
138040	2.90537267139643e-08	NA
109160	2.87347792826581e-08	NA
602485	2.66313627358394e-08	NA
239350	2.55944524168515e-08	NA
240200	2.54874774332889e-08	NA
615517	2.54354439820743e-08	NA
607616	2.4582388995884e-08	NA
214700	2.37164689866643e-08	NA
109600	2.37125842493875e-08	NA
179820	2.28054883584264e-08	NA
606528	2.27310907358447e-08	NA
615361	2.26932843777693e-08	NA
602475	2.23165024886929e-08	NA
240300	2.19911679703263e-08	NA
600955	1.99922448660445e-08	NA
606762	1.95885494495841e-08	NA
601223	1.91978991140263e-08	NA
194470	1.85778668739226e-08	NA
210740	1.83707177333416e-08	NA
249599	1.83707177333416e-08	NA
615558	1.76483970500031e-08	NA
200100	1.76483970500031e-08	NA
166700	1.69930151674832e-08	NA
209010	1.69930151674832e-08	NA
241080	1.69930151674832e-08	NA
560000	1.69930151674832e-08	NA
600952	1.62508533952464e-08	NA
150170	1.37062929973343e-08	NA
143880	1.34793915464562e-08	NA
239199	1.27814841217057e-08	NA
168820	1.27595946546269e-08	NA
177600	1.26844234905975e-08	NA
145270	1.20783410883601e-08	NA
602722	1.02586559778034e-08	NA
124060	9.35493074019154e-09	NA
232900	9.08371642124269e-09	NA
132810	9.02797007350254e-09	NA
600166	8.45190658845363e-09	NA
240800	6.70609507089122e-09	NA
212067	5.68929543657387e-09	NA
source	0	NA
target	0	NA
