DiseaseID	Score	DiseaseName
143890	2.13763560285441e-05	HYPERCHOLESTEROLEMIA, FAMILIAL, 1
601410	1.52560124774182e-05	TYPE 1 DIABETES MELLITUS 2
222100	1.28959066613005e-05	TYPE 1 DIABETES MELLITUS
601665	1.16707771113431e-05	NA
167800	8.1124656347293e-06	NA
613375	7.88442862625095e-06	MATURITY-ONSET DIABETES OF THE YOUNG, TYPE 11
602014	7.43912448784368e-06	NA
605814	7.15606057098966e-06	NA
615158	7.14545640289922e-06	NA
125853	7.1209849686776e-06	TYPE 2 DIABETES MELLITUS
608594	7.0125022973846e-06	NA
615474	7.00422530922987e-06	NA
602522	6.96931718227525e-06	NA
603776	6.91554173678441e-06	HYPERCHOLESTEROLEMIA, FAMILIAL, 3
603813	6.86259936044802e-06	HYPERCHOLESTEROLEMIA, FAMILIAL, 4
219090	6.84223838268205e-06	NA
151660	6.83954115943874e-06	NA
616192	6.72136347206574e-06	NA
614736	6.67776193601443e-06	NA
269700	6.27006434542267e-06	NA
610947	6.17899369857002e-06	NA
614190	5.44263379401991e-06	NA
615703	5.41590681028555e-06	NA
144250	3.84162448108747e-06	NA
238600	3.43408351094637e-06	NA
125852	8.66338765546662e-07	NA
616214	7.9574593414251e-07	NA
602247	6.44395863473447e-07	NA
614028	6.34458365208218e-07	NA
240900	5.94461266374207e-07	NA
144650	5.75323892304803e-07	NA
144300	5.59626228016005e-07	NA
144400	5.4417941240753e-07	NA
107741	5.38300566496664e-07	NA
613677	5.20745721229754e-07	NA
612520	5.13336098831448e-07	NA
144010	5.02162720852162e-07	HYPERCHOLESTEROLEMIA, FAMILIAL, 2
602025	4.93902529387236e-07	NA
616511	4.89011670810418e-07	MATURITY-ONSET DIABETES OF THE YOUNG, TYPE 14
203800	4.88282560088133e-07	NA
615457	4.86369579383456e-07	NA
136120	4.83358312678314e-07	NA
190430	4.77729520627032e-07	NA
304900	4.74840148861498e-07	NA
207750	4.63371283258288e-07	NA
612780	4.62503180314843e-07	NA
616329	4.43713027039184e-07	NA
605019	4.36863979564853e-07	NA
147630	4.34010696455151e-07	NA
601666	4.30374458298259e-07	NA
262190	4.27863523765544e-07	NA
277460	4.08637049657767e-07	NA
240600	3.92959268174369e-07	NA
108725	3.92247665405657e-07	NA
615954	3.78997581435153e-07	NA
215720	3.77841563161707e-07	NA
223500	3.71855602202791e-07	NA
613877	3.62375107942331e-07	NA
145750	3.59789744114509e-07	NA
608600	3.57758774873289e-07	NA
610374	3.43936781678363e-07	NA
612526	3.40390635408736e-07	NA
604367	3.35963227223701e-07	NA
608320	3.16257235814067e-07	NA
607364	3.14719943011892e-07	NA
125800	3.05518428543545e-07	DIABETES INSIPIDUS, NEUROHYPOPHYSEAL, X-LINKED
260370	2.99209184463058e-07	NA
263800	2.97977281883064e-07	NA
246200	2.95922320327749e-07	NA
306000	2.89932833869194e-07	NA
601198	2.74074390714488e-07	NA
144600	2.60240877159298e-07	NA
614496	2.5914318800567e-07	NA
154020	2.58901039127877e-07	NA
615238	2.58637894594541e-07	NA
611718	2.55232738483084e-07	NA
615830	2.54560830367293e-07	NA
260350	2.5093786226276e-07	NA
614492	2.49104569696903e-07	NA
615962	2.45604131353032e-07	NA
601942	2.42527181078063e-07	NA
614495	2.40189261898714e-07	NA
219080	2.35788387986753e-07	NA
610475	2.35788387986753e-07	NA
610489	2.35788387986753e-07	NA
610600	2.32680645771228e-07	NA
610508	2.14868730786998e-07	MATURITY-ONSET DIABETES OF THE YOUNG, TYPE 7
613090	2.12233357133514e-07	NA
601678	2.11750065105559e-07	NA
300200	2.11687132467809e-07	NA
601820	2.08273634965686e-07	NA
615160	2.02997796229403e-07	NA
241200	2.01719403509335e-07	NA
125851	1.98788060783145e-07	MATURITY-ONSET DIABETES OF THE YOUNG, TYPE 2
125850	1.96551489851308e-07	MATURITY-ONSET DIABETES OF THE YOUNG
614491	1.93092588100133e-07	NA
608709	1.85209148603064e-07	NA
103900	1.75351835542057e-07	NA
118830	1.73833303298738e-07	NA
606824	1.61123230246597e-07	NA
608189	1.53137899308265e-07	NA
152200	1.49906492940705e-07	NA
606392	1.47946702455077e-07	MATURITY-ONSET DIABETES OF THE YOUNG, TYPE 4
143470	1.45940684076941e-07	NA
600496	1.40928945143769e-07	MATURITY-ONSET DIABETES OF THE YOUNG, TYPE 3
177200	1.39505924026754e-07	NA
612227	1.37108950293228e-07	NA
300539	1.34128455118342e-07	NA
615947	1.32269175877251e-07	NA
145260	1.3154638538146e-07	NA
615812	1.30623175054822e-07	NA
613327	1.30216663308714e-07	NA
600089	1.2992732272643e-07	NA
167755	1.2971217564237e-07	NA
143860	1.29230564023072e-07	NA
610582	1.26590028275791e-07	NA
614025	1.24310409177794e-07	NA
191540	1.18946162129121e-07	NA
606721	1.1798365497697e-07	NA
609812	1.17497649625191e-07	MATURITY-ONSET DIABETES OF THE YOUNG, TYPE 8
229500	1.17479490815629e-07	NA
613370	1.14372406379955e-07	MATURITY-ONSET DIABETES OF THE YOUNG, TYPE 10
613347	1.14372256936868e-07	NA
208300	1.14368674926274e-07	NA
605115	1.13965098580332e-07	NA
167770	1.10241932666885e-07	NA
616095	1.05837240535376e-07	NA
126900	1.05825196089451e-07	NA
612225	1.05509789555304e-07	MATURITY-ONSET DIABETES OF THE YOUNG, TYPE 9
614662	1.04760251079136e-07	NA
605911	1.02031387214198e-07	NA
260450	1.01811684072126e-07	NA
269200	9.95837080845076e-08	NA
232220	9.93470703328678e-08	NA
613743	9.80975568313481e-08	NA
209300	9.80801181449151e-08	NA
606394	9.65733009708179e-08	MATURITY-ONSET DIABETES OF THE YOUNG, TYPE 6
615751	9.58224610976464e-08	NA
614033	9.50832190102599e-08	NA
615026	9.36328467599018e-08	NA
126150	9.27373594978218e-08	NA
191530	9.21110984365035e-08	NA
612671	9.16969142804276e-08	NA
276700	9.11468465007377e-08	NA
609975	9.10343925739558e-08	NA
174050	8.92107081507292e-08	NA
609734	8.82680140564913e-08	NA
151800	8.7110325700219e-08	NA
229800	8.6700552321747e-08	NA
103230	8.46570082610173e-08	NA
263600	8.07223899770772e-08	NA
171200	8.05534621090123e-08	NA
609197	8.0440029208301e-08	NA
232200	7.40846054067247e-08	NA
268040	7.22748457049137e-08	NA
613886	6.32517497620662e-08	NA
601941	5.80512641363386e-08	NA
138900	5.48854488055562e-08	NA
177735	5.44547571185358e-08	NA
205400	5.39357970188702e-08	NA
557000	5.28932127783654e-08	NA
610021	5.10625786508954e-08	NA
240150	4.95625994587056e-08	NA
203400	4.80675195318228e-08	NA
256450	4.48047437336015e-08	NA
241150	4.33835016902773e-08	NA
304800	4.30702024510081e-08	DIABETES INSIPIDUS, NEPHROGENIC, 1, X-LINKED
609968	4.25387167067597e-08	NA
615961	3.89183806993409e-08	NA
264350	3.78750351274738e-08	NA
232240	3.75796481082238e-08	NA
245900	3.57784477035177e-08	NA
251120	3.48092520056333e-08	NA
305700	3.47336286267727e-08	NA
218030	3.1644952131066e-08	NA
610199	3.14753523649038e-08	NA
129840	2.98593368673527e-08	NA
207780	2.94367916362515e-08	NA
138040	2.85370782082795e-08	NA
109160	2.75601195414976e-08	NA
602485	2.71202151817034e-08	NA
239350	2.65452091682267e-08	NA
615517	2.56803823013656e-08	NA
607616	2.48949908368344e-08	NA
240200	2.4819158944306e-08	NA
214700	2.47742061829484e-08	NA
615361	2.47457536688382e-08	NA
109600	2.45330471913679e-08	NA
179820	2.43290448535468e-08	NA
606528	2.30987581071802e-08	NA
240300	2.27294446323863e-08	NA
602475	2.18430675866211e-08	NA
601223	2.12901497457488e-08	NA
194470	2.08974782360448e-08	NA
606762	1.99038701627456e-08	NA
600955	1.96072660648503e-08	NA
210740	1.81128829813555e-08	NA
249599	1.81128829813555e-08	NA
615558	1.75911262690453e-08	NA
200100	1.75911262690453e-08	NA
166700	1.67545180078185e-08	NA
209010	1.67545180078185e-08	NA
241080	1.67545180078185e-08	NA
560000	1.67545180078185e-08	NA
600952	1.65386158325026e-08	NA
168820	1.49416959899978e-08	NA
177600	1.36382724875288e-08	NA
145270	1.3637357080835e-08	NA
143880	1.35044806144453e-08	NA
150170	1.33117467715799e-08	NA
239199	1.29965899350575e-08	NA
124060	1.10992498444276e-08	NA
602722	1.05403771515434e-08	NA
132810	9.99321214587386e-09	NA
600166	9.28523107186045e-09	NA
232900	8.29069615263378e-09	NA
240800	7.05172445392007e-09	NA
212067	6.15830315229422e-09	NA
source	0	NA
target	0	NA
