DiseaseID	Score	DiseaseName
143890	2.11494449394296e-05	HYPERCHOLESTEROLEMIA, FAMILIAL, 1
601410	1.6155870984299e-05	TYPE 1 DIABETES MELLITUS 2
601665	1.32876128483701e-05	NA
222100	1.30279186636162e-05	TYPE 1 DIABETES MELLITUS
615703	9.12286520455599e-06	NA
603813	9.04581205619454e-06	HYPERCHOLESTEROLEMIA, FAMILIAL, 4
613375	8.38737988836727e-06	MATURITY-ONSET DIABETES OF THE YOUNG, TYPE 11
616192	8.19429132279257e-06	NA
269700	7.96131512067823e-06	NA
615158	7.85799703111186e-06	NA
605814	7.57225114104153e-06	NA
602014	7.50338841497743e-06	NA
614736	7.4598400457914e-06	NA
608594	7.07917179875203e-06	NA
615474	7.05476460052387e-06	NA
125853	6.85380000112175e-06	TYPE 2 DIABETES MELLITUS
151660	6.76646512254419e-06	NA
610947	6.25033019438612e-06	NA
614190	6.09676991202023e-06	NA
219090	5.92437026143486e-06	NA
603776	5.84493277522944e-06	HYPERCHOLESTEROLEMIA, FAMILIAL, 3
167800	5.49061222247058e-06	NA
602522	5.43385088936078e-06	NA
144250	3.3698589880504e-06	NA
238600	2.96309113755212e-06	NA
125852	9.21763402930175e-07	NA
616214	8.39544973041348e-07	NA
614028	6.97227628248172e-07	NA
240900	6.6759437805712e-07	NA
602247	6.38617281959357e-07	NA
144650	6.28712030918378e-07	NA
107741	5.87323225963099e-07	NA
612520	5.65209839274787e-07	NA
144300	5.58149046228076e-07	NA
602025	5.57757264956754e-07	NA
616511	5.51257734805672e-07	MATURITY-ONSET DIABETES OF THE YOUNG, TYPE 14
144400	5.49835298380864e-07	NA
615457	5.49264981146667e-07	NA
203800	5.40116764610582e-07	NA
190430	5.38322456304502e-07	NA
613677	5.27867754551808e-07	NA
144010	5.13285173887702e-07	HYPERCHOLESTEROLEMIA, FAMILIAL, 2
616329	5.0123346854279e-07	NA
605019	4.94430067474195e-07	NA
601666	4.80966072027308e-07	NA
136120	4.7594549126844e-07	NA
262190	4.69096277700764e-07	NA
207750	4.46671013228659e-07	NA
304900	4.42207695948149e-07	NA
613877	4.30402411424984e-07	NA
612780	4.27335714326624e-07	NA
277460	4.23986634100587e-07	NA
223500	4.20710379978845e-07	NA
108725	4.20088979099372e-07	NA
240600	4.06966469020326e-07	NA
215720	4.05269898352928e-07	NA
147630	4.04538253762663e-07	NA
608600	3.90843665028827e-07	NA
145750	3.76929818927361e-07	NA
612526	3.73750128090563e-07	NA
615954	3.7267898042455e-07	NA
604367	3.7078241173951e-07	NA
608320	3.6372067045927e-07	NA
610374	3.55275577674374e-07	NA
246200	3.24982421214112e-07	NA
125800	3.06490672532621e-07	DIABETES INSIPIDUS, NEUROHYPOPHYSEAL, X-LINKED
615238	3.00321750705313e-07	NA
306000	2.9766327119536e-07	NA
263800	2.9595260382813e-07	NA
260370	2.8218033466116e-07	NA
607364	2.78580521881583e-07	NA
144600	2.76583247251011e-07	NA
614496	2.7352901777259e-07	NA
601198	2.73277267510532e-07	NA
614492	2.63210591244614e-07	NA
154020	2.60865705125752e-07	NA
611718	2.56751915510463e-07	NA
601942	2.56350719933728e-07	NA
614495	2.55551805075737e-07	NA
615830	2.46231305975457e-07	NA
615962	2.31008088310354e-07	NA
260350	2.28056844993549e-07	NA
219080	2.24509969532181e-07	NA
610475	2.24509969532181e-07	NA
610489	2.24509969532181e-07	NA
601820	2.23461662419978e-07	NA
615160	2.2300423171584e-07	NA
300200	2.22396729514478e-07	NA
610508	2.20759534573296e-07	MATURITY-ONSET DIABETES OF THE YOUNG, TYPE 7
608709	2.1208220993249e-07	NA
614491	2.0081167487248e-07	NA
125851	2.00795102281769e-07	MATURITY-ONSET DIABETES OF THE YOUNG, TYPE 2
125850	1.98443549148684e-07	MATURITY-ONSET DIABETES OF THE YOUNG
610600	1.97288471169391e-07	NA
103900	1.8020895552872e-07	NA
606824	1.78629259955988e-07	NA
615812	1.76550958770159e-07	NA
613090	1.7579796932364e-07	NA
601678	1.74647460852294e-07	NA
241200	1.65054176005264e-07	NA
615947	1.64849404509429e-07	NA
606392	1.5048662535308e-07	MATURITY-ONSET DIABETES OF THE YOUNG, TYPE 4
152200	1.47906327747766e-07	NA
177200	1.40272806971699e-07	NA
600496	1.38967243365535e-07	MATURITY-ONSET DIABETES OF THE YOUNG, TYPE 3
614025	1.37110851715876e-07	NA
143470	1.36164597549971e-07	NA
613327	1.35975768484488e-07	NA
118830	1.3403615507816e-07	NA
145260	1.33481681402001e-07	NA
300539	1.32869446433008e-07	NA
229500	1.27579119593673e-07	NA
143860	1.26784567398846e-07	NA
600089	1.25693256384112e-07	NA
610582	1.24584191862848e-07	NA
191540	1.22553760181218e-07	NA
606721	1.20179366096572e-07	NA
613370	1.19970410476707e-07	MATURITY-ONSET DIABETES OF THE YOUNG, TYPE 10
605115	1.15438002972047e-07	NA
616095	1.14549587008399e-07	NA
608189	1.12592519350494e-07	NA
614662	1.12220641855825e-07	NA
612225	1.10923060179134e-07	MATURITY-ONSET DIABETES OF THE YOUNG, TYPE 9
268040	1.10868014913148e-07	NA
612227	1.10822370688024e-07	NA
615751	1.04239800495886e-07	NA
613743	1.04060953840898e-07	NA
126900	1.03545412364624e-07	NA
614033	1.03333794100615e-07	NA
605911	1.02874488696436e-07	NA
615026	1.02582598812952e-07	NA
606394	1.00492740590218e-07	MATURITY-ONSET DIABETES OF THE YOUNG, TYPE 6
167755	9.86978427654038e-08	NA
609975	9.7617706285162e-08	NA
276700	9.54397288041877e-08	NA
232220	9.51629266868921e-08	NA
609734	9.40304775301708e-08	NA
229800	9.38840235959865e-08	NA
103230	9.31922504126277e-08	NA
612671	9.28259034985153e-08	NA
171200	8.80016093413606e-08	NA
263600	8.77907743796629e-08	NA
609197	8.76345858020156e-08	NA
151800	8.67666277385666e-08	NA
609812	8.50960001158416e-08	MATURITY-ONSET DIABETES OF THE YOUNG, TYPE 8
208300	8.36675758110442e-08	NA
613347	8.06581469199775e-08	NA
126150	8.01142280905314e-08	NA
191530	7.94835406773347e-08	NA
167770	7.75193760444595e-08	NA
269200	7.48863454168135e-08	NA
613886	7.13714789309067e-08	NA
260450	7.05153553376117e-08	NA
232200	6.86870024963579e-08	NA
209300	6.78432295843447e-08	NA
601941	6.11839770062074e-08	NA
174050	6.10380253774842e-08	NA
138900	5.9300116078041e-08	NA
205400	5.61016417024887e-08	NA
557000	5.44381080524979e-08	NA
177735	5.40836493999237e-08	NA
610021	4.98935981013372e-08	NA
256450	4.6763871192264e-08	NA
203400	4.62582758964494e-08	NA
609968	4.46017132712875e-08	NA
240150	4.32687625304488e-08	NA
615961	4.23885477762847e-08	NA
241150	4.0899695645212e-08	NA
304800	4.00388381998629e-08	DIABETES INSIPIDUS, NEPHROGENIC, 1, X-LINKED
305700	3.91227275145258e-08	NA
251120	3.76123255292576e-08	NA
245900	3.72684965244771e-08	NA
232240	3.7035897541113e-08	NA
264350	3.64295922810035e-08	NA
610199	3.4537082469361e-08	NA
207780	3.22006566126665e-08	NA
218030	3.16575312300366e-08	NA
129840	3.08411354250223e-08	NA
109160	2.90547853728834e-08	NA
602485	2.88640393783135e-08	NA
138040	2.87455625051091e-08	NA
607616	2.62719213109839e-08	NA
615517	2.62328561649063e-08	NA
240200	2.58491738783403e-08	NA
239350	2.51274067958402e-08	NA
109600	2.50365372182555e-08	NA
606528	2.48813977516395e-08	NA
179820	2.44405320366672e-08	NA
602475	2.40661971981917e-08	NA
615361	2.33401487974822e-08	NA
214700	2.27795913160889e-08	NA
240300	2.27660331115481e-08	NA
606762	2.09318922969746e-08	NA
601223	2.07559461143018e-08	NA
600955	2.06466751693199e-08	NA
194470	2.01717500993695e-08	NA
210740	1.97544303406576e-08	NA
249599	1.97544303406576e-08	NA
200100	1.92754836967555e-08	NA
615558	1.92754836967555e-08	NA
166700	1.82729485614781e-08	NA
209010	1.82729485614781e-08	NA
241080	1.82729485614781e-08	NA
560000	1.82729485614781e-08	NA
600952	1.79318204094008e-08	NA
168820	1.39949096673761e-08	NA
150170	1.38731109933763e-08	NA
177600	1.35831646990866e-08	NA
145270	1.30658766899375e-08	NA
143880	1.2786852247685e-08	NA
239199	1.16124453344338e-08	NA
602722	1.1475900005827e-08	NA
124060	1.04593681348944e-08	NA
132810	1.01809540635406e-08	NA
600166	9.54304857563667e-09	NA
232900	8.53016390401232e-09	NA
240800	7.40577838290756e-09	NA
212067	6.69971082471378e-09	NA
source	0	NA
target	0	NA
