DiseaseID	Score	DiseaseName
602522	0.00168163948090083	NA
612780	4.21998494578465e-05	NA
607364	4.21199216641138e-05	NA
613090	4.14294988382968e-05	NA
601678	4.13263554912462e-05	NA
241200	4.06292509213532e-05	NA
610600	4.05638245481097e-05	NA
304900	3.97365679625822e-05	NA
143890	2.11152498101782e-05	HYPERCHOLESTEROLEMIA, FAMILIAL, 1
222100	1.45003870648366e-05	TYPE 1 DIABETES MELLITUS
601410	1.4111769899355e-05	TYPE 1 DIABETES MELLITUS 2
601665	1.36550105229491e-05	NA
615474	7.90964155765871e-06	NA
608594	7.78247960654421e-06	NA
603776	7.6219922627949e-06	HYPERCHOLESTEROLEMIA, FAMILIAL, 3
616192	7.44689024110045e-06	NA
219090	7.29430214222317e-06	NA
615158	7.10368270056194e-06	NA
269700	6.8930701539639e-06	NA
614190	6.87264326447518e-06	NA
603813	6.87184277923235e-06	HYPERCHOLESTEROLEMIA, FAMILIAL, 4
615703	6.7326221389726e-06	NA
602014	6.71842707617956e-06	NA
613375	6.57906150912103e-06	MATURITY-ONSET DIABETES OF THE YOUNG, TYPE 11
167800	6.50717948673644e-06	NA
613677	6.24027726441221e-06	NA
610947	6.1716126562923e-06	NA
614736	6.02738635462237e-06	NA
605814	5.86500709156277e-06	NA
125853	5.79817313880814e-06	TYPE 2 DIABETES MELLITUS
151660	5.59895349276512e-06	NA
263800	5.17693213484239e-06	NA
144250	3.81562797739024e-06	NA
304800	3.65328086615541e-06	DIABETES INSIPIDUS, NEPHROGENIC, 1, X-LINKED
601198	3.61623121897957e-06	NA
238600	3.42172494573396e-06	NA
241150	3.12804788665076e-06	NA
613743	3.0534116180526e-06	NA
203400	2.93706935112073e-06	NA
300539	2.82155328794859e-06	NA
264350	2.6725199553769e-06	NA
125800	2.57476262243035e-06	DIABETES INSIPIDUS, NEUROHYPOPHYSEAL, X-LINKED
214700	2.39099943379476e-06	NA
614491	2.26608920610474e-06	NA
177735	2.00263708672937e-06	NA
300200	1.89273826429055e-06	NA
239350	1.81844969599236e-06	NA
239199	1.7533422136652e-06	NA
615361	1.74663193436164e-06	NA
614492	1.72927136618999e-06	NA
177200	1.56508928213336e-06	NA
614496	1.23332501040683e-06	NA
611718	1.15092562399098e-06	NA
143860	1.14040954305581e-06	NA
218030	1.05228102943141e-06	NA
143880	9.14184590128221e-07	NA
125852	8.95743866083301e-07	NA
616214	8.19154095546938e-07	NA
602247	6.47946353149318e-07	NA
240900	6.43035301792898e-07	NA
614028	6.14301358355799e-07	NA
144300	5.6306004402053e-07	NA
145260	5.55733747435217e-07	NA
144650	5.54832866934001e-07	NA
602025	5.51182081171635e-07	NA
144400	5.48662662101932e-07	NA
107741	5.48355383547702e-07	NA
615457	5.42855394030291e-07	NA
154020	5.37836603314166e-07	NA
190430	5.33005226535836e-07	NA
203800	5.19362437310268e-07	NA
612520	5.14908662572227e-07	NA
144010	4.98647607190333e-07	HYPERCHOLESTEROLEMIA, FAMILIAL, 2
614495	4.98560678594343e-07	NA
616511	4.91832274534967e-07	MATURITY-ONSET DIABETES OF THE YOUNG, TYPE 14
136120	4.76700582952315e-07	NA
207750	4.57983545019176e-07	NA
616329	4.57326822338598e-07	NA
147630	4.45542901715916e-07	NA
601666	4.43646099172425e-07	NA
262190	4.35337433388505e-07	NA
240600	4.29437287215408e-07	NA
605019	4.2010839583845e-07	NA
108725	4.13797297076091e-07	NA
277460	4.0364959099181e-07	NA
613877	3.8493714095057e-07	NA
615954	3.78864636233233e-07	NA
223500	3.76107646981965e-07	NA
615962	3.74220705020103e-07	NA
608600	3.64916575082111e-07	NA
605115	3.55904096990762e-07	NA
103900	3.54562549058273e-07	NA
215720	3.53349059334202e-07	NA
612526	3.48952583366127e-07	NA
145750	3.47837021335164e-07	NA
604367	3.4623077001991e-07	NA
608320	3.38055440271109e-07	NA
103230	3.28364986807838e-07	NA
610374	3.10963997100042e-07	NA
246200	3.04731839581176e-07	NA
129840	2.95946015142491e-07	NA
615830	2.84897727002456e-07	NA
240200	2.72477377078047e-07	NA
615238	2.71808810695317e-07	NA
260370	2.672749041428e-07	NA
219080	2.64658419300135e-07	NA
610475	2.64658419300135e-07	NA
610489	2.64658419300135e-07	NA
144600	2.60016644929335e-07	NA
306000	2.50301977320826e-07	NA
260350	2.42248708828381e-07	NA
601942	2.28298056820808e-07	NA
615517	2.23218722320648e-07	NA
615160	2.19515807718949e-07	NA
601820	2.00432770131312e-07	NA
600955	1.86051964427959e-07	NA
610508	1.8597005693733e-07	MATURITY-ONSET DIABETES OF THE YOUNG, TYPE 7
608709	1.82726015447104e-07	NA
125851	1.81409989634374e-07	MATURITY-ONSET DIABETES OF THE YOUNG, TYPE 2
125850	1.79721103136248e-07	MATURITY-ONSET DIABETES OF THE YOUNG
606824	1.61966592352182e-07	NA
609975	1.58421594852447e-07	NA
138040	1.56541970199668e-07	NA
118830	1.53580942577961e-07	NA
143470	1.53285897163198e-07	NA
615812	1.50856675197743e-07	NA
152200	1.50246328560702e-07	NA
615947	1.45826764732907e-07	NA
613327	1.42166304913093e-07	NA
606392	1.30212001712755e-07	MATURITY-ONSET DIABETES OF THE YOUNG, TYPE 4
608189	1.27919342118637e-07	NA
614025	1.23765814407685e-07	NA
191540	1.21340962087915e-07	NA
600496	1.21325828775821e-07	MATURITY-ONSET DIABETES OF THE YOUNG, TYPE 3
229500	1.19309347783057e-07	NA
612227	1.18396203347353e-07	NA
606528	1.12097609157933e-07	NA
600089	1.11376059409175e-07	NA
167755	1.09662595713061e-07	NA
610582	1.0782214044712e-07	NA
191530	1.05721215837642e-07	NA
606721	1.04468122357809e-07	NA
616095	1.03699941701699e-07	NA
126150	1.01674992414614e-07	NA
613370	1.01497684115018e-07	MATURITY-ONSET DIABETES OF THE YOUNG, TYPE 10
232220	1.00745400499028e-07	NA
605911	9.99706846711457e-08	NA
615026	9.76410365027871e-08	NA
615751	9.73123421597452e-08	NA
609812	9.71322513200389e-08	MATURITY-ONSET DIABETES OF THE YOUNG, TYPE 8
208300	9.62095540522128e-08	NA
171200	9.59188210353915e-08	NA
276700	9.50501590563676e-08	NA
614033	9.46002951026458e-08	NA
613347	9.42670155092059e-08	NA
612671	9.3811637230789e-08	NA
614662	9.37326745452446e-08	NA
612225	9.2310340594066e-08	MATURITY-ONSET DIABETES OF THE YOUNG, TYPE 9
167770	9.07164219835216e-08	NA
126900	8.92732475041265e-08	NA
602722	8.92570090462792e-08	NA
609734	8.60513605489317e-08	NA
268040	8.56750037793273e-08	NA
229800	8.50751420506864e-08	NA
269200	8.38851275252753e-08	NA
606394	8.37914718193326e-08	MATURITY-ONSET DIABETES OF THE YOUNG, TYPE 6
260450	8.2756188309628e-08	NA
609197	7.98397101280091e-08	NA
209300	7.96847186043942e-08	NA
263600	7.94100251112588e-08	NA
232200	7.45935415779235e-08	NA
151800	7.432222191364e-08	NA
174050	7.2077400327691e-08	NA
613886	7.0584319584204e-08	NA
601941	6.73314535590932e-08	NA
138900	6.24030491668144e-08	NA
557000	5.53518445734332e-08	NA
205400	5.35859659884784e-08	NA
610021	5.10295344781797e-08	NA
240150	4.95111643956262e-08	NA
256450	4.742251988181e-08	NA
609968	4.50591620781729e-08	NA
109160	4.12925562900371e-08	NA
615961	3.95669157506566e-08	NA
251120	3.94746531852845e-08	NA
305700	3.82063422137833e-08	NA
232240	3.80098439083801e-08	NA
109600	3.77197279491735e-08	NA
245900	3.5208650148514e-08	NA
610199	3.17535056583017e-08	NA
207780	3.02096340054319e-08	NA
602485	3.01817988984844e-08	NA
601223	2.68048500609734e-08	NA
194470	2.60165586811469e-08	NA
607616	2.42355319578231e-08	NA
606762	2.25018203826392e-08	NA
179820	2.2449125904602e-08	NA
602475	2.22583653560803e-08	NA
240300	2.2182816873647e-08	NA
168820	2.08965828900976e-08	NA
150170	1.9343123114069e-08	NA
177600	1.89189040401339e-08	NA
210740	1.85402192727309e-08	NA
249599	1.85402192727309e-08	NA
124060	1.75771172556317e-08	NA
166700	1.71498169112189e-08	NA
209010	1.71498169112189e-08	NA
241080	1.71498169112189e-08	NA
560000	1.71498169112189e-08	NA
200100	1.69970970775711e-08	NA
615558	1.69970970775711e-08	NA
600952	1.68186464530566e-08	NA
132810	1.54486836193041e-08	NA
145270	1.53133785345718e-08	NA
240800	9.35955701465025e-09	NA
232900	8.89090265006962e-09	NA
600166	8.24051796803268e-09	NA
212067	6.17477055394618e-09	NA
source	0	NA
target	0	NA
