DiseaseID	Score	DiseaseName
125853	0.0016967434768847	TYPE 2 DIABETES MELLITUS
125852	2.6327662388863e-05	NA
600496	2.49302544119071e-05	MATURITY-ONSET DIABETES OF THE YOUNG, TYPE 3
610374	2.44656905418062e-05	NA
610508	2.4222400967813e-05	MATURITY-ONSET DIABETES OF THE YOUNG, TYPE 7
606392	2.41043164957627e-05	MATURITY-ONSET DIABETES OF THE YOUNG, TYPE 4
125851	2.35666324998822e-05	MATURITY-ONSET DIABETES OF THE YOUNG, TYPE 2
125850	2.3456775690245e-05	MATURITY-ONSET DIABETES OF THE YOUNG
610582	2.31745012705465e-05	NA
600089	2.23539861132543e-05	NA
126900	2.19612398475398e-05	NA
103900	2.14959256801144e-05	NA
143860	2.14438957915811e-05	NA
143890	2.12662025549646e-05	HYPERCHOLESTEROLEMIA, FAMILIAL, 1
601665	1.36458776852761e-05	NA
222100	1.31418640036352e-05	TYPE 1 DIABETES MELLITUS
601410	1.19672466334604e-05	TYPE 1 DIABETES MELLITUS 2
605911	1.06224036361762e-05	NA
613375	8.95672467295627e-06	MATURITY-ONSET DIABETES OF THE YOUNG, TYPE 11
614190	8.60214798738946e-06	NA
151660	8.22881567031248e-06	NA
610947	8.17883046824352e-06	NA
269700	7.62929112741143e-06	NA
608594	7.60559547471721e-06	NA
603813	7.51904834792308e-06	HYPERCHOLESTEROLEMIA, FAMILIAL, 4
616192	7.25793112548699e-06	NA
615474	7.01472037876212e-06	NA
602014	6.65737241543886e-06	NA
615158	6.56277812412653e-06	NA
614736	6.55164737629163e-06	NA
602522	6.44991137995439e-06	NA
615703	6.40497140836945e-06	NA
219090	6.22357897054979e-06	NA
603776	5.88539249320289e-06	HYPERCHOLESTEROLEMIA, FAMILIAL, 3
605814	5.88384558626677e-06	NA
167800	5.77949079770786e-06	NA
144250	4.1979784454399e-06	NA
238600	3.76792183195507e-06	NA
612520	2.5846740573357e-06	NA
612225	2.58396536776263e-06	MATURITY-ONSET DIABETES OF THE YOUNG, TYPE 9
613370	2.55282961975618e-06	MATURITY-ONSET DIABETES OF THE YOUNG, TYPE 10
606394	2.38695079481983e-06	MATURITY-ONSET DIABETES OF THE YOUNG, TYPE 6
608600	2.27457690550576e-06	NA
601941	2.23923002931653e-06	NA
616511	2.08409463676535e-06	MATURITY-ONSET DIABETES OF THE YOUNG, TYPE 14
601666	2.00339213871039e-06	NA
147630	1.96840125115727e-06	NA
616329	1.94376285694019e-06	NA
229800	1.94082183311555e-06	NA
177735	1.72781750529747e-06	NA
179820	1.72228199760055e-06	NA
612227	1.6867418990957e-06	NA
614033	1.64136325480471e-06	NA
601942	1.58209511405887e-06	NA
613677	1.48076136844006e-06	NA
171200	1.42627186618791e-06	NA
263600	1.41663523218366e-06	NA
616214	1.39007408705598e-06	NA
229500	1.26680479199957e-06	NA
125800	1.15065301622331e-06	DIABETES INSIPIDUS, NEUROHYPOPHYSEAL, X-LINKED
610600	1.10723934000894e-06	NA
177200	1.10695035733247e-06	NA
167755	1.07841379714542e-06	NA
215720	1.06036457541694e-06	NA
145260	1.04027069271938e-06	NA
129840	9.71074411901145e-07	NA
610021	9.7103668580398e-07	NA
605115	9.70162017933912e-07	NA
103230	9.66700688595722e-07	NA
600166	9.66244939627738e-07	NA
260370	9.63085282684205e-07	NA
203400	9.353328987841e-07	NA
194470	9.25846275941297e-07	NA
614662	8.99498466629152e-07	NA
609968	8.94101437210761e-07	NA
264350	8.82436980161888e-07	NA
126150	8.75751767120537e-07	NA
304800	8.73020019491743e-07	DIABETES INSIPIDUS, NEPHROGENIC, 1, X-LINKED
214700	8.61684912982496e-07	NA
132810	8.58176165073667e-07	NA
109600	8.34974054438963e-07	NA
109160	8.04414684211796e-07	NA
240600	7.97614355623833e-07	NA
107741	7.63230922078411e-07	NA
609197	7.33082905848543e-07	NA
268040	7.27202640449712e-07	NA
240900	7.15552689191163e-07	NA
602247	6.95307845753162e-07	NA
614028	6.40456392578028e-07	NA
145270	6.05408712200868e-07	NA
203800	5.87614753428772e-07	NA
602025	5.75917722728872e-07	NA
609812	5.74627801760537e-07	MATURITY-ONSET DIABETES OF THE YOUNG, TYPE 8
191530	5.67426271807912e-07	NA
615457	5.6704609026796e-07	NA
601223	5.62834747949576e-07	NA
144300	5.58434531764651e-07	NA
190430	5.56802552457719e-07	NA
168820	5.5634685715095e-07	NA
144650	5.54902763815391e-07	NA
223500	5.49862797600137e-07	NA
144400	5.48941579412383e-07	NA
304900	5.38340257521186e-07	NA
177600	5.24423307357891e-07	NA
144010	5.20003644818142e-07	HYPERCHOLESTEROLEMIA, FAMILIAL, 2
143470	5.17175711534261e-07	NA
136120	5.01029913236784e-07	NA
613877	4.97300888786014e-07	NA
602485	4.89347286625682e-07	NA
124060	4.88278125610424e-07	NA
108725	4.80568735812863e-07	NA
207750	4.75580562287127e-07	NA
262190	4.70707718138193e-07	NA
612780	4.70417706452673e-07	NA
604367	4.55940181584457e-07	NA
612526	4.44875388007051e-07	NA
145750	4.20492958647982e-07	NA
277460	4.15938199104672e-07	NA
605019	4.11860351780975e-07	NA
614492	4.06942099157752e-07	NA
614496	4.05771082895662e-07	NA
615961	3.85951034635101e-07	NA
607364	3.84618748347795e-07	NA
615160	3.83460632923756e-07	NA
600952	3.80746355400081e-07	NA
557000	3.76477368896053e-07	NA
260350	3.70938753468052e-07	NA
615954	3.70241617082049e-07	NA
246200	3.65462580546671e-07	NA
614491	3.6380104099965e-07	NA
614495	3.56210135837932e-07	NA
608320	3.48892865418685e-07	NA
615238	3.4104126477582e-07	NA
150170	3.36219208326782e-07	NA
269200	3.3445292370444e-07	NA
601820	3.3102572943166e-07	NA
610199	3.30192318788836e-07	NA
601678	3.26017895625997e-07	NA
615830	3.17399209004495e-07	NA
144600	3.06163744257553e-07	NA
241200	3.02180934459237e-07	NA
609975	2.91450214199477e-07	NA
615962	2.9126566773183e-07	NA
263800	2.90752310270707e-07	NA
210740	2.76709561586125e-07	NA
249599	2.76709561586125e-07	NA
602475	2.76290640696241e-07	NA
240300	2.76023513903867e-07	NA
207780	2.7161898692388e-07	NA
601198	2.69208432492794e-07	NA
219080	2.65409265235352e-07	NA
610475	2.65409265235352e-07	NA
610489	2.65409265235352e-07	NA
608709	2.63006543346423e-07	NA
306000	2.5857540557731e-07	NA
300539	2.56296152780737e-07	NA
166700	2.55956413056679e-07	NA
209010	2.55956413056679e-07	NA
241080	2.55956413056679e-07	NA
560000	2.55956413056679e-07	NA
608189	2.54615447764915e-07	NA
300200	2.53503199163238e-07	NA
612671	2.5267627959227e-07	NA
613090	2.47302299929889e-07	NA
611718	2.36069774756623e-07	NA
154020	2.33668384764367e-07	NA
606762	2.30093276402852e-07	NA
218030	2.09605996828981e-07	NA
191540	2.01055813050106e-07	NA
118830	1.99930674313619e-07	NA
613327	1.85821770187826e-07	NA
152200	1.83543237985108e-07	NA
613743	1.82971781471984e-07	NA
606721	1.78706900761563e-07	NA
616095	1.7019149835232e-07	NA
615751	1.62969651395302e-07	NA
151800	1.62389399431652e-07	NA
615517	1.61788297962876e-07	NA
606824	1.60898943809156e-07	NA
615812	1.56462650272726e-07	NA
256450	1.54421729508599e-07	NA
615947	1.49041922676544e-07	NA
609734	1.46244486686055e-07	NA
167770	1.44886227030045e-07	NA
276700	1.38135346242568e-07	NA
614025	1.36336914812333e-07	NA
240200	1.21915334023573e-07	NA
138900	1.21074023841194e-07	NA
208300	1.16833020909359e-07	NA
239350	1.15812845483929e-07	NA
613347	1.14992683029095e-07	NA
241150	1.14291291200707e-07	NA
232220	1.12484380751036e-07	NA
615026	1.0456945406563e-07	NA
260450	9.29101621994229e-08	NA
138040	9.21596041928807e-08	NA
251120	8.45520211169063e-08	NA
232200	8.35888566781783e-08	NA
209300	7.84811984230645e-08	NA
600955	7.43416236536227e-08	NA
613886	7.37384772863076e-08	NA
174050	6.85665478670249e-08	NA
240800	6.85464190028252e-08	NA
212067	6.06516612505616e-08	NA
205400	5.58503253714054e-08	NA
240150	5.55245684598653e-08	NA
232240	4.61366073225415e-08	NA
143880	4.18819298977718e-08	NA
305700	4.11116651772532e-08	NA
239199	3.95911378513603e-08	NA
245900	3.5985239030333e-08	NA
606528	3.49994806835505e-08	NA
615361	3.17057503639307e-08	NA
232900	2.99105081400963e-08	NA
607616	2.50065482266514e-08	NA
200100	1.73469187007309e-08	NA
615558	1.73469187007309e-08	NA
602722	1.51650907528097e-08	NA
source	0	NA
target	0	NA
