DiseaseID	Score	DiseaseName
601410	8.72973677166982e-06	TYPE 1 DIABETES MELLITUS 2
143890	3.5024365009674e-06	HYPERCHOLESTEROLEMIA, FAMILIAL, 1
601665	1.16583334192459e-06	NA
222100	1.09199214952213e-06	TYPE 1 DIABETES MELLITUS
614736	7.00094666229498e-07	NA
603813	6.45982629180526e-07	HYPERCHOLESTEROLEMIA, FAMILIAL, 4
613375	6.45191973119649e-07	MATURITY-ONSET DIABETES OF THE YOUNG, TYPE 11
610947	6.12028323548238e-07	NA
151660	6.11669292527205e-07	NA
603776	6.06156208193313e-07	HYPERCHOLESTEROLEMIA, FAMILIAL, 3
269700	5.99451441157936e-07	NA
615703	5.89969512775219e-07	NA
615158	5.85540671958763e-07	NA
608594	5.80695001103337e-07	NA
219090	5.75092858666766e-07	NA
616192	5.72022264645431e-07	NA
614190	5.699473145813e-07	NA
602522	5.64822183559137e-07	NA
167800	5.61982251731029e-07	NA
615474	5.60459171198552e-07	NA
602014	5.4665900955236e-07	NA
605814	5.46372884207316e-07	NA
125853	5.39077843574729e-07	TYPE 2 DIABETES MELLITUS
144250	3.52619750911542e-07	NA
238600	2.90298224008827e-07	NA
125852	1.83267272375152e-07	NA
616214	1.82640248643075e-07	NA
612520	1.47624142107555e-07	NA
601666	1.38149446765152e-07	NA
262190	1.31810422988589e-07	NA
615954	1.27121019987984e-07	NA
223500	1.26311007322931e-07	NA
610374	1.24988587028484e-07	NA
601942	1.1879169994101e-07	NA
260370	1.17798021185622e-07	NA
300200	1.11868455112211e-07	NA
602247	8.5103621532823e-08	NA
107741	7.63261707536723e-08	NA
144300	7.60749529985121e-08	NA
144400	7.51436941214104e-08	NA
144010	7.24375299326744e-08	HYPERCHOLESTEROLEMIA, FAMILIAL, 2
136120	7.03543077245078e-08	NA
207750	6.63966793244833e-08	NA
277460	6.1301511117263e-08	NA
614028	5.9805891483207e-08	NA
240900	5.86156028984393e-08	NA
616511	5.52690332137334e-08	MATURITY-ONSET DIABETES OF THE YOUNG, TYPE 14
144650	5.29636558514713e-08	NA
616329	5.08136784759619e-08	NA
602025	4.80229971842412e-08	NA
203800	4.78796939983381e-08	NA
615457	4.72873404868103e-08	NA
190430	4.639237034178e-08	NA
613677	4.50681310922368e-08	NA
147630	4.24011213114031e-08	NA
108725	4.04840715927055e-08	NA
304900	3.96086837172946e-08	NA
240600	3.89781955142715e-08	NA
605019	3.76682094771086e-08	NA
145750	3.68086925836269e-08	NA
612780	3.61068401707548e-08	NA
608600	3.43462966102394e-08	NA
613877	3.37342203990904e-08	NA
215720	3.18506767778178e-08	NA
604367	3.13619798969488e-08	NA
612526	3.11859707242111e-08	NA
246200	3.11521104661248e-08	NA
608320	3.10027477944192e-08	NA
607364	2.98857925765447e-08	NA
144600	2.71323553384399e-08	NA
615830	2.70706917856148e-08	NA
125800	2.60559580561182e-08	DIABETES INSIPIDUS, NEUROHYPOPHYSEAL, X-LINKED
219080	2.49989152320885e-08	NA
610475	2.49989152320885e-08	NA
610489	2.49989152320885e-08	NA
601820	2.39069788235912e-08	NA
615238	2.36532422986563e-08	NA
260350	2.35764947871399e-08	NA
306000	2.34829387114139e-08	NA
610600	2.32063558250422e-08	NA
614496	2.28622845577053e-08	NA
263800	2.23574124425868e-08	NA
614492	2.18711025479559e-08	NA
615962	2.15391155153932e-08	NA
614495	2.11620144883263e-08	NA
610508	2.07958864361038e-08	MATURITY-ONSET DIABETES OF THE YOUNG, TYPE 7
615160	2.04627776161823e-08	NA
601198	2.03752533940842e-08	NA
154020	1.90525776058076e-08	NA
611718	1.88626799958207e-08	NA
606392	1.8184974165758e-08	MATURITY-ONSET DIABETES OF THE YOUNG, TYPE 4
613090	1.77700539302544e-08	NA
125851	1.75954351780363e-08	MATURITY-ONSET DIABETES OF THE YOUNG, TYPE 2
601678	1.73571939850649e-08	NA
614491	1.73355025248499e-08	NA
125850	1.73064197788535e-08	MATURITY-ONSET DIABETES OF THE YOUNG
608709	1.72387988434338e-08	NA
600496	1.68179290023358e-08	MATURITY-ONSET DIABETES OF THE YOUNG, TYPE 3
241200	1.6437205119197e-08	NA
612227	1.62431095111377e-08	NA
600089	1.56713039079303e-08	NA
103900	1.55903708169925e-08	NA
606824	1.54827855917056e-08	NA
614662	1.47593148067461e-08	NA
118830	1.46412576482508e-08	NA
152200	1.45959344119454e-08	NA
608189	1.4552593357099e-08	NA
615812	1.40455752027598e-08	NA
143470	1.40300773251826e-08	NA
613743	1.38660972851638e-08	NA
167755	1.3829055589528e-08	NA
615947	1.34827715070435e-08	NA
610582	1.30885786075803e-08	NA
605911	1.2901698457136e-08	NA
103230	1.27870687622346e-08	NA
614025	1.23479561926501e-08	NA
229500	1.23259944347695e-08	NA
613370	1.21192278160671e-08	MATURITY-ONSET DIABETES OF THE YOUNG, TYPE 10
601941	1.19304116121699e-08	NA
606721	1.19024185219766e-08	NA
191540	1.17984478501208e-08	NA
177200	1.16262481688361e-08	NA
613327	1.11321851643184e-08	NA
300539	1.10027030805463e-08	NA
145260	1.08498319997197e-08	NA
614033	1.06271788204157e-08	NA
612225	1.04766403962703e-08	MATURITY-ONSET DIABETES OF THE YOUNG, TYPE 9
269200	1.04593232302423e-08	NA
557000	1.03949066291199e-08	NA
143860	1.02976452783113e-08	NA
616095	1.01912759164417e-08	NA
232220	1.00815396727341e-08	NA
606394	9.68651397363628e-09	MATURITY-ONSET DIABETES OF THE YOUNG, TYPE 6
615961	9.63665113841194e-09	NA
229800	9.5368184618687e-09	NA
171200	9.52662236579071e-09	NA
615751	9.45189402341658e-09	NA
605115	9.40848871204813e-09	NA
126900	9.20860083598256e-09	NA
208300	9.16777935421873e-09	NA
612671	9.05580989328925e-09	NA
615026	9.04593364810675e-09	NA
609812	9.00975562156117e-09	MATURITY-ONSET DIABETES OF THE YOUNG, TYPE 8
609197	8.9801499343341e-09	NA
609734	8.81400509881449e-09	NA
609975	8.67507963166145e-09	NA
613347	8.37234722378507e-09	NA
276700	8.30143522795663e-09	NA
263600	8.23547844351774e-09	NA
126150	8.1905416565153e-09	NA
167770	8.16280992624355e-09	NA
191530	8.15357929850061e-09	NA
203400	8.13714606908443e-09	NA
610199	7.95614800438724e-09	NA
151800	7.95179335700283e-09	NA
268040	7.72523482406551e-09	NA
610021	7.47940184809987e-09	NA
256450	7.35123061074962e-09	NA
260450	7.29475030859568e-09	NA
232200	7.20721025997518e-09	NA
209300	7.01343856790759e-09	NA
205400	6.68558594790153e-09	NA
609968	6.58064771302333e-09	NA
174050	6.33191851319256e-09	NA
613886	6.14707707856716e-09	NA
600955	5.94778118913679e-09	NA
207780	5.79316889581873e-09	NA
602485	5.70595663033808e-09	NA
138900	5.27903094489576e-09	NA
240300	5.08563807289441e-09	NA
177735	5.02181881474461e-09	NA
210740	4.81954452760559e-09	NA
249599	4.81954452760559e-09	NA
129840	4.69598552197299e-09	NA
232240	4.61167541692347e-09	NA
166700	4.45807956356241e-09	NA
209010	4.45807956356241e-09	NA
241080	4.45807956356241e-09	NA
560000	4.45807956356241e-09	NA
245900	4.29630637473993e-09	NA
240150	4.2076530132208e-09	NA
602475	4.0453218191517e-09	NA
304800	3.81355658083361e-09	DIABETES INSIPIDUS, NEPHROGENIC, 1, X-LINKED
264350	3.66346448784158e-09	NA
179820	3.57866513686132e-09	NA
241150	3.55242361114766e-09	NA
305700	3.3994671740695e-09	NA
606528	3.34794923904257e-09	NA
251120	3.21491018776333e-09	NA
606762	3.08495730741011e-09	NA
109160	2.918373915746e-09	NA
218030	2.86281547444094e-09	NA
607616	2.79343379642003e-09	NA
109600	2.60720815131012e-09	NA
600952	2.52043291870377e-09	NA
138040	2.49163377069581e-09	NA
615517	2.27172395676324e-09	NA
240200	2.25936382753846e-09	NA
239350	2.2456156055938e-09	NA
214700	2.19811489494316e-09	NA
600166	2.15001722841927e-09	NA
601223	2.03592565554234e-09	NA
194470	1.99323974829105e-09	NA
615361	1.90939976006184e-09	NA
200100	1.63810056076349e-09	NA
615558	1.63810056076349e-09	NA
168820	1.41378318538539e-09	NA
145270	1.32756275812009e-09	NA
177600	1.30783875981782e-09	NA
150170	1.29045367024542e-09	NA
239199	1.22211100137345e-09	NA
143880	1.14224971347947e-09	NA
602722	1.05229857292526e-09	NA
124060	1.01371718518761e-09	NA
132810	9.9754882815882e-10	NA
240800	9.74571349669935e-10	NA
232900	8.48413020118792e-10	NA
212067	6.69307811802058e-10	NA
source	0	NA
target	0	NA
