DiseaseID	Score	DiseaseName
603776	0.00190821687470314	HYPERCHOLESTEROLEMIA, FAMILIAL, 3
603813	2.79322321405239e-05	HYPERCHOLESTEROLEMIA, FAMILIAL, 4
614028	2.71205635576133e-05	NA
108725	2.69097201553876e-05	NA
144650	2.63341557579471e-05	NA
144400	2.57595746733197e-05	NA
610947	2.51992481322345e-05	NA
143470	2.47844167141359e-05	NA
605019	2.46940821066735e-05	NA
608320	2.45110530042343e-05	NA
144300	2.41321313429576e-05	NA
602247	2.30736218369424e-05	NA
126150	2.2978926453016e-05	NA
191530	2.29743539508568e-05	NA
145750	4.22682307061637e-06	NA
615703	3.93125446037392e-06	NA
143890	3.90162052851801e-06	HYPERCHOLESTEROLEMIA, FAMILIAL, 1
136120	3.3106957843311e-06	NA
144010	2.57430786645272e-06	HYPERCHOLESTEROLEMIA, FAMILIAL, 2
144600	2.56028333147792e-06	NA
144250	2.44843333210998e-06	NA
605814	2.12883716367194e-06	NA
601223	2.05098416482717e-06	NA
194470	2.00807662008425e-06	NA
168820	1.99894099740388e-06	NA
205400	1.72769830360913e-06	NA
109600	1.69755493445846e-06	NA
608594	1.65767766645618e-06	NA
152200	1.60625793977971e-06	NA
238600	1.53275380504648e-06	NA
124060	1.47400570716341e-06	NA
107741	1.47074114167724e-06	NA
125850	1.46849581313891e-06	MATURITY-ONSET DIABETES OF THE YOUNG
145270	1.44001882799427e-06	NA
277460	1.43528643631886e-06	NA
125851	1.40979414524035e-06	MATURITY-ONSET DIABETES OF THE YOUNG, TYPE 2
245900	1.27891603161534e-06	NA
219090	1.25104014499227e-06	NA
612671	1.19816742316762e-06	NA
601410	1.18477603729778e-06	TYPE 1 DIABETES MELLITUS 2
601665	1.15547707844749e-06	NA
222100	1.07310061661574e-06	TYPE 1 DIABETES MELLITUS
615517	8.71466405079191e-07	NA
612526	8.59107050689455e-07	NA
177600	8.5823385085447e-07	NA
306000	8.50634302939669e-07	NA
615812	8.40635595371875e-07	NA
151660	8.14820610696191e-07	NA
200100	7.79609990564553e-07	NA
615558	7.79609990564553e-07	NA
607616	7.63724536675544e-07	NA
207750	7.62707525606018e-07	NA
613370	7.61964408008979e-07	MATURITY-ONSET DIABETES OF THE YOUNG, TYPE 10
606394	7.44776978822291e-07	MATURITY-ONSET DIABETES OF THE YOUNG, TYPE 6
613375	7.16100357237811e-07	MATURITY-ONSET DIABETES OF THE YOUNG, TYPE 11
269700	6.53823437611067e-07	NA
118830	6.45328124540847e-07	NA
602522	6.29435767135012e-07	NA
109160	6.12513518601555e-07	NA
614736	5.99182580552499e-07	NA
615158	5.97831960282635e-07	NA
615474	5.88051658447604e-07	NA
125853	5.7663867493818e-07	TYPE 2 DIABETES MELLITUS
167800	5.75388743409711e-07	NA
614190	5.68041776158415e-07	NA
616192	5.57046920217785e-07	NA
608600	5.48600276919156e-07	NA
602014	5.37381704520249e-07	NA
232220	5.30271198352182e-07	NA
232240	4.90727244537595e-07	NA
604367	4.82539117030923e-07	NA
615947	4.6300327917591e-07	NA
614025	4.56386490702088e-07	NA
606721	4.39302137884156e-07	NA
191540	4.24818862772079e-07	NA
612520	3.81544671540808e-07	NA
615026	3.39178425405232e-07	NA
132810	2.21016736913327e-07	NA
612225	2.16114363060817e-07	MATURITY-ONSET DIABETES OF THE YOUNG, TYPE 9
610582	1.94890961179568e-07	NA
125852	1.72270493243797e-07	NA
614033	1.57163351755456e-07	NA
203800	1.48895771862626e-07	NA
613877	1.31735369651574e-07	NA
616214	1.3057430824374e-07	NA
615238	1.19279370432666e-07	NA
610508	1.1501053304545e-07	MATURITY-ONSET DIABETES OF THE YOUNG, TYPE 7
606392	1.07787450930709e-07	MATURITY-ONSET DIABETES OF THE YOUNG, TYPE 4
232200	1.06683550729083e-07	NA
616329	9.0277064002048e-08	NA
600496	8.97493658043256e-08	MATURITY-ONSET DIABETES OF THE YOUNG, TYPE 3
615160	8.95332993351126e-08	NA
602025	8.61713595795464e-08	NA
615457	8.50213762626807e-08	NA
215720	7.95288686481992e-08	NA
138900	7.82253230482832e-08	NA
616511	7.79118796310737e-08	MATURITY-ONSET DIABETES OF THE YOUNG, TYPE 14
615830	7.51421740847877e-08	NA
150170	7.41579899319296e-08	NA
103230	6.92016219034861e-08	NA
610374	6.77493082567745e-08	NA
147630	6.53196998931494e-08	NA
179820	6.43150102264826e-08	NA
616095	6.43039338289112e-08	NA
240900	6.18259532962035e-08	NA
613327	6.14680009604428e-08	NA
232900	6.06805063304941e-08	NA
608709	5.9888621981047e-08	NA
276700	5.63480925866003e-08	NA
262190	5.60919533506923e-08	NA
229500	5.2661004918016e-08	NA
229800	5.11842469257566e-08	NA
190430	5.013134331173e-08	NA
601666	5.01035249361936e-08	NA
615954	4.92637689364299e-08	NA
614496	4.89029717697482e-08	NA
609812	4.84258152528603e-08	MATURITY-ONSET DIABETES OF THE YOUNG, TYPE 8
246200	4.83406287753807e-08	NA
613677	4.79965324276224e-08	NA
268040	4.63507871145496e-08	NA
614495	4.62368697693966e-08	NA
614492	4.62147749726135e-08	NA
129840	4.23695512336677e-08	NA
151800	4.19373098819694e-08	NA
614491	4.15005196488912e-08	NA
304900	4.08212230530622e-08	NA
240600	3.83710604984144e-08	NA
610475	3.79535414546546e-08	NA
610489	3.79535414546546e-08	NA
219080	3.79535414546546e-08	NA
612780	3.74281768663084e-08	NA
608189	3.66911447300743e-08	NA
615962	3.55176700947517e-08	NA
601941	3.35513698933303e-08	NA
615751	3.28136648498838e-08	NA
167755	3.27775106589071e-08	NA
171200	3.22459686031193e-08	NA
223500	3.11267480785016e-08	NA
263600	3.10656355590646e-08	NA
167770	3.03191302167755e-08	NA
601942	2.96030474712336e-08	NA
606824	2.85167052838584e-08	NA
208300	2.84438305544527e-08	NA
260350	2.82129019163547e-08	NA
607364	2.80172544946955e-08	NA
609734	2.79960456098371e-08	NA
125800	2.73150020526348e-08	DIABETES INSIPIDUS, NEUROHYPOPHYSEAL, X-LINKED
174050	2.5801686686518e-08	NA
260370	2.49031429717796e-08	NA
612227	2.39242624339e-08	NA
615361	2.3822552389825e-08	NA
263800	2.3660581036051e-08	NA
240150	2.25916290653825e-08	NA
601820	2.23269253813416e-08	NA
610600	2.20591045523594e-08	NA
601198	2.15575947970784e-08	NA
126900	2.13350019760596e-08	NA
601678	2.04224294163858e-08	NA
613090	2.02048915779402e-08	NA
300200	2.0069725266713e-08	NA
241200	1.94880254033603e-08	NA
103900	1.9090388611486e-08	NA
154020	1.88261937316778e-08	NA
611718	1.85952883794198e-08	NA
251120	1.7807049470715e-08	NA
600089	1.75396220434289e-08	NA
614662	1.54081426724901e-08	NA
606528	1.4506265802029e-08	NA
177200	1.38771497625169e-08	NA
145260	1.37977263465498e-08	NA
143860	1.37148191917322e-08	NA
613743	1.27879535027297e-08	NA
606762	1.22645190229171e-08	NA
269200	1.19698412913561e-08	NA
300539	1.14872598815635e-08	NA
609197	1.14842110901416e-08	NA
557000	1.13061586006931e-08	NA
605911	1.12660073132436e-08	NA
610021	1.11596760288776e-08	NA
613347	1.11026603180998e-08	NA
605115	1.04112018063764e-08	NA
615961	9.7945687229455e-09	NA
613886	9.38176123214809e-09	NA
260450	9.06826048714127e-09	NA
609975	8.66151701348662e-09	NA
609968	8.47452241824469e-09	NA
610199	8.09269411443572e-09	NA
209300	7.84059377331779e-09	NA
207780	7.80391854018307e-09	NA
138040	7.64824129694818e-09	NA
177735	6.98454291138376e-09	NA
602475	6.94393001811018e-09	NA
240300	6.45036800333011e-09	NA
210740	6.19694868494202e-09	NA
249599	6.19694868494202e-09	NA
256450	6.00993462878632e-09	NA
166700	5.73217888495689e-09	NA
209010	5.73217888495689e-09	NA
241080	5.73217888495689e-09	NA
560000	5.73217888495689e-09	NA
304800	5.55959809023411e-09	DIABETES INSIPIDUS, NEPHROGENIC, 1, X-LINKED
264350	5.18476392863231e-09	NA
602485	4.99628268726233e-09	NA
305700	4.91758500375435e-09	NA
203400	4.78316611302638e-09	NA
240200	4.35789586991301e-09	NA
218030	3.90472369965992e-09	NA
239350	3.89239987058341e-09	NA
600166	3.86113578601847e-09	NA
241150	3.8157592195361e-09	NA
600952	3.36375025752424e-09	NA
600955	3.24446500887792e-09	NA
602722	2.99435823370358e-09	NA
214700	2.55103721560517e-09	NA
239199	1.91563258476509e-09	NA
212067	1.70743203654316e-09	NA
240800	1.29553393005515e-09	NA
143880	1.2669454215093e-09	NA
source	0	NA
target	0	NA
