DiseaseID	Score	DiseaseName
143890	1.79195668887784e-06	HYPERCHOLESTEROLEMIA, FAMILIAL, 1
601410	1.19635519114929e-06	TYPE 1 DIABETES MELLITUS 2
601665	1.16005003688696e-06	NA
222100	1.08420541172077e-06	TYPE 1 DIABETES MELLITUS
613375	6.39473470071001e-07	MATURITY-ONSET DIABETES OF THE YOUNG, TYPE 11
603813	6.11023415992955e-07	HYPERCHOLESTEROLEMIA, FAMILIAL, 4
610947	6.07416075081088e-07	NA
151660	6.06884977702661e-07	NA
603776	6.00356049335823e-07	HYPERCHOLESTEROLEMIA, FAMILIAL, 3
614736	5.98754309792152e-07	NA
269700	5.92453305564102e-07	NA
615703	5.85291711824121e-07	NA
615158	5.7942184227894e-07	NA
608594	5.73713672129331e-07	NA
614190	5.69820948296035e-07	NA
219090	5.68001690856172e-07	NA
602522	5.61710006541266e-07	NA
616192	5.58364329587344e-07	NA
615474	5.57470485881378e-07	NA
167800	5.55306300513293e-07	NA
602014	5.4393151430954e-07	NA
605814	5.43459407765396e-07	NA
125853	5.33538868145493e-07	TYPE 2 DIABETES MELLITUS
144250	3.20970911667589e-07	NA
238600	2.86122988738576e-07	NA
125852	7.03432502495663e-08	NA
616214	6.59474656097964e-08	NA
240900	5.65083611762009e-08	NA
602247	5.47457369384666e-08	NA
614028	5.46536791661085e-08	NA
144650	4.84838317936444e-08	NA
602025	4.76539994722698e-08	NA
144300	4.75537870121639e-08	NA
615457	4.69304948231617e-08	NA
107741	4.69286874541437e-08	NA
144400	4.64237216924115e-08	NA
190430	4.60801420898837e-08	NA
613677	4.45405348177228e-08	NA
203800	4.35042607430423e-08	NA
612520	4.2701609657607e-08	NA
144010	4.25698760317536e-08	HYPERCHOLESTEROLEMIA, FAMILIAL, 2
616511	4.09300318877824e-08	MATURITY-ONSET DIABETES OF THE YOUNG, TYPE 14
136120	4.05339981556048e-08	NA
304900	3.92157359090197e-08	NA
207750	3.88243500861246e-08	NA
616329	3.73349863683885e-08	NA
605019	3.69297430337126e-08	NA
108725	3.59574248844124e-08	NA
262190	3.57528511170095e-08	NA
612780	3.54961611121196e-08	NA
147630	3.47788601472635e-08	NA
601666	3.4688077571701e-08	NA
277460	3.45956767370356e-08	NA
613877	3.29957966927238e-08	NA
240600	3.29943380293624e-08	NA
145750	3.22668757027074e-08	NA
608600	3.14044862705692e-08	NA
615954	3.08826358422697e-08	NA
215720	3.02994239838179e-08	NA
612526	3.00115464080852e-08	NA
223500	2.99895237658103e-08	NA
608320	2.97271284861953e-08	NA
604367	2.97268407452248e-08	NA
610374	2.68623273886864e-08	NA
246200	2.60130564991676e-08	NA
125800	2.56039635435922e-08	DIABETES INSIPIDUS, NEUROHYPOPHYSEAL, X-LINKED
607364	2.53244690205734e-08	NA
144600	2.34654568854851e-08	NA
615238	2.3306754196904e-08	NA
615830	2.28091838858951e-08	NA
260370	2.26670766141746e-08	NA
306000	2.26004130823367e-08	NA
614496	2.25393202171423e-08	NA
263800	2.21091973964025e-08	NA
614492	2.17030640126406e-08	NA
219080	2.11273441516756e-08	NA
610475	2.11273441516756e-08	NA
610489	2.11273441516756e-08	NA
614495	2.0978798652857e-08	NA
260350	2.02720255012706e-08	NA
601198	2.01763313131341e-08	NA
615962	2.01364723071779e-08	NA
601942	1.91585711766429e-08	NA
154020	1.8946996432348e-08	NA
610600	1.87604394877367e-08	NA
611718	1.87170754957548e-08	NA
601820	1.78070689577071e-08	NA
615160	1.74479054471518e-08	NA
613090	1.72684762440766e-08	NA
614491	1.71549274848259e-08	NA
610508	1.69948564523701e-08	MATURITY-ONSET DIABETES OF THE YOUNG, TYPE 7
608709	1.6962311564658e-08	NA
601678	1.6948913846957e-08	NA
300200	1.6805774402891e-08	NA
241200	1.61063811072605e-08	NA
125851	1.5587759409795e-08	MATURITY-ONSET DIABETES OF THE YOUNG, TYPE 2
125850	1.54737510841379e-08	MATURITY-ONSET DIABETES OF THE YOUNG
103900	1.52698783631006e-08	NA
152200	1.38933360635012e-08	NA
606824	1.38575478654496e-08	NA
615812	1.30119219775725e-08	NA
118830	1.29984179872735e-08	NA
143470	1.25084291520807e-08	NA
615947	1.24913683622459e-08	NA
606392	1.15726609003121e-08	MATURITY-ONSET DIABETES OF THE YOUNG, TYPE 4
177200	1.13354282390198e-08	NA
191540	1.12653904949223e-08	NA
613327	1.09179149874299e-08	NA
608189	1.08557516952827e-08	NA
600496	1.07833147357871e-08	MATURITY-ONSET DIABETES OF THE YOUNG, TYPE 3
614025	1.07832606624299e-08	NA
145260	1.07381125806853e-08	NA
300539	1.06797378802044e-08	NA
606721	1.03502407828459e-08	NA
612227	9.98975985171368e-09	NA
143860	9.93699631500914e-09	NA
600089	9.87050847431839e-09	NA
229500	9.7816054229495e-09	NA
610582	9.68121079329994e-09	NA
613743	9.45599970321557e-09	NA
167755	9.27550598148464e-09	NA
613370	9.25962039688475e-09	MATURITY-ONSET DIABETES OF THE YOUNG, TYPE 10
605115	9.19505801739438e-09	NA
612671	8.87754949884802e-09	NA
616095	8.59432706917798e-09	NA
614662	8.5503377123141e-09	NA
612225	8.51722829653549e-09	MATURITY-ONSET DIABETES OF THE YOUNG, TYPE 9
232220	8.49112072910737e-09	NA
103230	8.45641476168831e-09	NA
609812	8.26634224531836e-09	MATURITY-ONSET DIABETES OF THE YOUNG, TYPE 8
208300	8.14876805271874e-09	NA
605911	8.10567955246647e-09	NA
126900	8.06832978233414e-09	NA
126150	7.98906764460434e-09	NA
613347	7.98768968415886e-09	NA
171200	7.97768046364652e-09	NA
191530	7.97727852276558e-09	NA
276700	7.94589958185394e-09	NA
615751	7.88580335409566e-09	NA
606394	7.78778158642017e-09	MATURITY-ONSET DIABETES OF THE YOUNG, TYPE 6
614033	7.73947916795844e-09	NA
615026	7.70307935891982e-09	NA
167770	7.68750835954762e-09	NA
151800	7.66808446475467e-09	NA
268040	7.4171524693513e-09	NA
609734	7.25090864236186e-09	NA
609975	7.24923944411575e-09	NA
269200	7.0551707815539e-09	NA
260450	7.05022545296143e-09	NA
229800	6.99877914281562e-09	NA
209300	6.78875383679828e-09	NA
609197	6.5407455290456e-09	NA
263600	6.537663460577e-09	NA
232200	6.29155982044505e-09	NA
174050	6.1465581681461e-09	NA
613886	6.10233503981809e-09	NA
138900	5.13562902703971e-09	NA
601941	4.69641991405107e-09	NA
205400	4.61487400047771e-09	NA
177735	4.55869469836418e-09	NA
557000	4.33359367382402e-09	NA
240150	4.14005199496202e-09	NA
610021	4.05205601527165e-09	NA
203400	3.88122756533774e-09	NA
256450	3.82714831965412e-09	NA
304800	3.51020794722851e-09	DIABETES INSIPIDUS, NEPHROGENIC, 1, X-LINKED
609968	3.5012678043725e-09	NA
241150	3.41356884843022e-09	NA
305700	3.32815963205567e-09	NA
232240	3.22991465318043e-09	NA
615961	3.19363902429146e-09	NA
264350	3.13919177821184e-09	NA
245900	3.03695214533599e-09	NA
251120	2.84392995122025e-09	NA
218030	2.65577528757568e-09	NA
610199	2.57907455171022e-09	NA
207780	2.48262206105595e-09	NA
109160	2.47922896341335e-09	NA
129840	2.42992987800132e-09	NA
138040	2.41360372122715e-09	NA
615517	2.21979603081798e-09	NA
602485	2.2088707054763e-09	NA
109600	2.1516776569487e-09	NA
240200	2.14053835520704e-09	NA
239350	2.11836516495151e-09	NA
607616	2.10847901875003e-09	NA
214700	1.98903916196536e-09	NA
606528	1.94505858119273e-09	NA
179820	1.92769071625432e-09	NA
615361	1.88185776031373e-09	NA
602475	1.81048184651639e-09	NA
601223	1.80371556960136e-09	NA
240300	1.7910872627902e-09	NA
194470	1.75879612393792e-09	NA
606762	1.66252023756424e-09	NA
600955	1.6048067093619e-09	NA
200100	1.49829619290816e-09	NA
615558	1.49829619290816e-09	NA
210740	1.47867784914195e-09	NA
249599	1.47867784914195e-09	NA
166700	1.36777790188973e-09	NA
209010	1.36777790188973e-09	NA
241080	1.36777790188973e-09	NA
560000	1.36777790188973e-09	NA
600952	1.35722230262628e-09	NA
168820	1.28488191633677e-09	NA
150170	1.17521905500639e-09	NA
145270	1.17370535268061e-09	NA
177600	1.1546710126647e-09	NA
143880	1.11508852017057e-09	NA
239199	1.04947883404308e-09	NA
124060	9.37448069762889e-10	NA
602722	8.92864450186501e-10	NA
132810	8.11496648789549e-10	NA
232900	7.71820221283484e-10	NA
600166	7.28135055330792e-10	NA
240800	5.74527704696623e-10	NA
212067	5.06045312050869e-10	NA
source	0	NA
target	0	NA
