DiseaseID	Score	DiseaseName
238600	0.000973820391321259	NA
144250	0.000971954363755863	NA
603813	2.96109098465032e-05	HYPERCHOLESTEROLEMIA, FAMILIAL, 4
207750	2.82954591319595e-05	NA
602247	2.78711057624494e-05	NA
136120	1.71878984862516e-05	NA
144650	1.63384739040976e-05	NA
143890	1.63174595792716e-05	HYPERCHOLESTEROLEMIA, FAMILIAL, 1
232220	1.60727473702682e-05	NA
145750	1.58681954479422e-05	NA
232200	1.54045430594651e-05	NA
615947	1.53038889568194e-05	NA
144600	1.48705573509419e-05	NA
144010	1.46943652107366e-05	HYPERCHOLESTEROLEMIA, FAMILIAL, 2
108725	1.4508014360377e-05	NA
118830	1.44507313336057e-05	NA
306000	1.39552864313492e-05	NA
107741	1.38575988735728e-05	NA
240150	1.33795542195543e-05	NA
144300	1.32567364583069e-05	NA
151660	1.25428581075539e-05	NA
614025	1.24852801210459e-05	NA
152200	1.21700382783188e-05	NA
614028	4.1167698001634e-06	NA
276700	3.33950805659949e-06	NA
144400	2.90515667767298e-06	NA
232240	2.56866289655361e-06	NA
610947	2.53055844239694e-06	NA
615703	2.52870371975344e-06	NA
603776	2.42812170850404e-06	HYPERCHOLESTEROLEMIA, FAMILIAL, 3
601410	1.76316422926619e-06	TYPE 1 DIABETES MELLITUS 2
605814	1.56787904436941e-06	NA
608320	1.56661005475593e-06	NA
191540	1.38312047549988e-06	NA
143470	1.37400430603739e-06	NA
277460	1.29817148241165e-06	NA
205400	1.23780072087469e-06	NA
601665	1.17210454975022e-06	NA
167800	1.14218659774505e-06	NA
222100	1.08634632518181e-06	TYPE 1 DIABETES MELLITUS
615812	1.08481970547977e-06	NA
605019	9.0061714637112e-07	NA
269700	8.00166592903281e-07	NA
612526	7.90131622259618e-07	NA
608594	7.81760849196728e-07	NA
203800	7.76769406669744e-07	NA
608600	7.6124019467418e-07	NA
208300	7.56105157501873e-07	NA
616095	7.13999312128667e-07	NA
219090	7.12289894075959e-07	NA
245900	6.63184240764485e-07	NA
613375	6.45620135518516e-07	MATURITY-ONSET DIABETES OF THE YOUNG, TYPE 11
614736	6.075508731541e-07	NA
615158	6.06969770730325e-07	NA
607616	6.05081106562719e-07	NA
608189	5.83369017657507e-07	NA
615474	5.7276078701493e-07	NA
614190	5.62889706630827e-07	NA
616192	5.59053286595256e-07	NA
602522	5.56554501037944e-07	NA
602014	5.38983933331228e-07	NA
125853	5.35964014513732e-07	TYPE 2 DIABETES MELLITUS
167770	5.18177025512176e-07	NA
167755	4.99575189643561e-07	NA
609812	4.95623342380283e-07	MATURITY-ONSET DIABETES OF THE YOUNG, TYPE 8
604367	4.66937490040639e-07	NA
125852	4.64090109666913e-07	NA
174050	4.55881973687897e-07	NA
200100	3.14231121442714e-07	NA
615558	3.14231121442714e-07	NA
606721	2.84960075032301e-07	NA
109160	2.58777743360629e-07	NA
109600	2.49192424080682e-07	NA
613877	2.31002743608101e-07	NA
615238	2.15419989267047e-07	NA
608709	1.81665165837029e-07	NA
246200	1.74225198902287e-07	NA
138900	1.60761007743368e-07	NA
151800	1.56840994250387e-07	NA
147630	1.48703363534355e-07	NA
616214	1.4495206902538e-07	NA
232900	1.34897711622923e-07	NA
557000	1.11170396071093e-07	NA
260350	1.02209240515727e-07	NA
602025	9.72465428463044e-08	NA
615457	9.59764116762199e-08	NA
612520	8.94250383399455e-08	NA
612671	8.9034521099754e-08	NA
616329	8.84579958242198e-08	NA
615026	8.53588833094377e-08	NA
616511	8.25754271401654e-08	MATURITY-ONSET DIABETES OF THE YOUNG, TYPE 14
613347	8.18927294081355e-08	NA
612227	8.01320452544804e-08	NA
262190	7.61517858448208e-08	NA
615830	7.36026494321177e-08	NA
125851	6.83686360004674e-08	MATURITY-ONSET DIABETES OF THE YOUNG, TYPE 2
615751	6.72470239717667e-08	NA
260370	6.57193526174288e-08	NA
615160	6.32297645062571e-08	NA
240900	6.27224967618167e-08	NA
215720	6.17765349203253e-08	NA
613327	5.8497304300324e-08	NA
601666	5.6656273935148e-08	NA
190430	5.10451560613216e-08	NA
145270	4.94509574007498e-08	NA
150170	4.79986648701256e-08	NA
268040	4.72130593320006e-08	NA
610021	4.68200222562323e-08	NA
601820	4.66121168138955e-08	NA
613677	4.5055014813753e-08	NA
615954	4.47608003361813e-08	NA
610374	4.32937434858659e-08	NA
240600	4.16360876681238e-08	NA
260450	4.15033691109048e-08	NA
126150	4.13967913552643e-08	NA
606824	4.11862884065535e-08	NA
223500	4.08241075828184e-08	NA
601223	3.9590528109831e-08	NA
304900	3.91789245732245e-08	NA
194470	3.88512194824173e-08	NA
610508	3.73790566539329e-08	MATURITY-ONSET DIABETES OF THE YOUNG, TYPE 7
191530	3.73555315273864e-08	NA
168820	3.73029236532054e-08	NA
125850	3.65341369896321e-08	MATURITY-ONSET DIABETES OF THE YOUNG
601942	3.55690122847706e-08	NA
612780	3.52972407764398e-08	NA
606762	3.4913586296799e-08	NA
600089	3.04713213487591e-08	NA
209300	2.94225990671053e-08	NA
613370	2.7663694007393e-08	MATURITY-ONSET DIABETES OF THE YOUNG, TYPE 10
609734	2.7182573857203e-08	NA
612225	2.64739705546876e-08	MATURITY-ONSET DIABETES OF THE YOUNG, TYPE 9
219080	2.64397299261607e-08	NA
610475	2.64397299261607e-08	NA
610489	2.64397299261607e-08	NA
126900	2.59847359360783e-08	NA
125800	2.59244612138858e-08	DIABETES INSIPIDUS, NEUROHYPOPHYSEAL, X-LINKED
607364	2.58142402378139e-08	NA
615962	2.47648729826957e-08	NA
300200	2.47076018218644e-08	NA
614496	2.42397212714686e-08	NA
614492	2.2387144008791e-08	NA
614495	2.23853821170642e-08	NA
263800	2.19712021408705e-08	NA
103230	2.14376514003462e-08	NA
601198	2.00204546966755e-08	NA
614033	1.98567823870185e-08	NA
600496	1.98258637018102e-08	MATURITY-ONSET DIABETES OF THE YOUNG, TYPE 3
606392	1.91917527527231e-08	MATURITY-ONSET DIABETES OF THE YOUNG, TYPE 4
610600	1.91528606783747e-08	NA
154020	1.87847564076812e-08	NA
611718	1.86481951577215e-08	NA
124060	1.82710641739457e-08	NA
610582	1.81989508219516e-08	NA
614491	1.76156178432213e-08	NA
613090	1.72422734597008e-08	NA
269200	1.70754051194404e-08	NA
601678	1.69071409572817e-08	NA
132810	1.67919751668388e-08	NA
241200	1.60531764873752e-08	NA
103900	1.59333555266576e-08	NA
229500	1.56887675518736e-08	NA
601941	1.40633845652442e-08	NA
606394	1.35995320110985e-08	MATURITY-ONSET DIABETES OF THE YOUNG, TYPE 6
605911	1.27521247995303e-08	NA
207780	1.2654422770606e-08	NA
229800	1.21104967496854e-08	NA
614662	1.20882247463316e-08	NA
143860	1.19033662399988e-08	NA
177200	1.17902879101086e-08	NA
251120	1.13072845440491e-08	NA
145260	1.11752152382326e-08	NA
300539	1.09468881071393e-08	NA
609975	1.04485266080186e-08	NA
613743	1.03685521602895e-08	NA
256450	1.03448811880424e-08	NA
613886	1.03122730766325e-08	NA
171200	1.02625060217052e-08	NA
605115	9.95018835810598e-09	NA
263600	9.17007610268356e-09	NA
615961	9.12671429748537e-09	NA
609197	8.8934558355591e-09	NA
177600	8.72266680914899e-09	NA
609968	8.66724906980214e-09	NA
602485	8.64418543588773e-09	NA
610199	7.70109080047974e-09	NA
615517	7.33264013399576e-09	NA
606528	7.20311393359696e-09	NA
129840	6.95740582891635e-09	NA
600952	6.77267267520593e-09	NA
602475	6.36019907430783e-09	NA
240300	6.21215291270319e-09	NA
210740	5.6082470624359e-09	NA
249599	5.6082470624359e-09	NA
179820	5.40325299874231e-09	NA
305700	5.357355752046e-09	NA
166700	5.18762987880106e-09	NA
209010	5.18762987880106e-09	NA
241080	5.18762987880106e-09	NA
560000	5.18762987880106e-09	NA
177735	4.86376923543073e-09	NA
138040	4.66454909339721e-09	NA
203400	4.36386034304312e-09	NA
304800	3.78232476191676e-09	DIABETES INSIPIDUS, NEPHROGENIC, 1, X-LINKED
600955	3.54452555107195e-09	NA
241150	3.44133451414156e-09	NA
264350	3.40302271135278e-09	NA
240800	2.84479998173342e-09	NA
602722	2.81353273974204e-09	NA
218030	2.77686753649293e-09	NA
239350	2.3007377035053e-09	NA
240200	2.25792158638686e-09	NA
214700	2.10137852184966e-09	NA
615361	1.99929704379382e-09	NA
239199	1.42960330640731e-09	NA
600166	1.30610307702899e-09	NA
143880	1.13999615260829e-09	NA
212067	7.43193958553872e-10	NA
source	0	NA
target	0	NA
