DiseaseID	Score	DiseaseName
143890	0.00197246317169268	HYPERCHOLESTEROLEMIA, FAMILIAL, 1
616192	0.00196953384939803	NA
125852	5.78761853150761e-05	NA
612520	5.35702936675706e-05	NA
601666	5.32805390306932e-05	NA
616511	5.25303168537093e-05	MATURITY-ONSET DIABETES OF THE YOUNG, TYPE 14
616329	5.21398322522005e-05	NA
223500	4.98353199312792e-05	NA
603813	3.75461289169282e-05	HYPERCHOLESTEROLEMIA, FAMILIAL, 4
144250	3.50960442648936e-05	NA
602247	3.48269391255693e-05	NA
144010	3.43687208589313e-05	HYPERCHOLESTEROLEMIA, FAMILIAL, 2
136120	3.43133311116241e-05	NA
107741	3.32336877202976e-05	NA
144400	3.30290297025035e-05	NA
144300	3.27959958326327e-05	NA
207750	3.17159092043155e-05	NA
277460	3.0758497303666e-05	NA
616214	6.88417101476113e-06	NA
601410	6.85661670732751e-06	TYPE 1 DIABETES MELLITUS 2
614028	5.6277019220858e-06	NA
145750	5.06467671904816e-06	NA
108725	4.99340464004028e-06	NA
144650	4.93789388999276e-06	NA
144600	4.10816767473482e-06	NA
603776	3.47816706903865e-06	HYPERCHOLESTEROLEMIA, FAMILIAL, 3
238600	3.45750703927446e-06	NA
601942	3.25191851093844e-06	NA
601941	3.1036334359123e-06	NA
615961	2.87115445170971e-06	NA
610199	2.75473306450083e-06	NA
610374	2.52236922451343e-06	NA
205400	2.37258169689182e-06	NA
269700	2.22113440180154e-06	NA
615703	2.15099798457913e-06	NA
602475	2.0976887028671e-06	NA
219090	2.01062061729337e-06	NA
612227	1.95916763939799e-06	NA
613375	1.9577275261603e-06	MATURITY-ONSET DIABETES OF THE YOUNG, TYPE 11
610947	1.91647256744158e-06	NA
613370	1.90444984683586e-06	MATURITY-ONSET DIABETES OF THE YOUNG, TYPE 10
614736	1.88740349895958e-06	NA
612225	1.83113659816139e-06	MATURITY-ONSET DIABETES OF THE YOUNG, TYPE 9
614025	1.75825607225839e-06	NA
269200	1.71952467179602e-06	NA
210740	1.71310938901371e-06	NA
249599	1.71310938901371e-06	NA
240300	1.6877976643435e-06	NA
606721	1.68108073640725e-06	NA
232220	1.6590140487917e-06	NA
143470	1.64920101320926e-06	NA
557000	1.62056526457256e-06	NA
222100	1.61587568706154e-06	TYPE 1 DIABETES MELLITUS
207780	1.59522357199867e-06	NA
166700	1.5846261828795e-06	NA
209010	1.5846261828795e-06	NA
241080	1.5846261828795e-06	NA
560000	1.5846261828795e-06	NA
118830	1.56347882496574e-06	NA
232240	1.56343229474958e-06	NA
606392	1.54276863539464e-06	MATURITY-ONSET DIABETES OF THE YOUNG, TYPE 4
608600	1.45021455588397e-06	NA
245900	1.44202932084078e-06	NA
615158	1.42483606847666e-06	NA
600496	1.40854784107384e-06	MATURITY-ONSET DIABETES OF THE YOUNG, TYPE 3
610508	1.39560318052727e-06	MATURITY-ONSET DIABETES OF THE YOUNG, TYPE 7
151660	1.38120882931088e-06	NA
610582	1.38032340935606e-06	NA
615954	1.34675815968224e-06	NA
614033	1.3294289412077e-06	NA
608320	1.31023570308846e-06	NA
616095	1.28948717242571e-06	NA
613877	1.26573529952548e-06	NA
615830	1.25917069958683e-06	NA
600089	1.25111077597864e-06	NA
614662	1.24466581965964e-06	NA
125853	1.21799368854348e-06	TYPE 2 DIABETES MELLITUS
615962	1.21090567128083e-06	NA
602485	1.20988466968553e-06	NA
601665	1.14971729222117e-06	NA
129840	1.13864766340659e-06	NA
600952	1.07577786281312e-06	NA
615947	1.07009776305997e-06	NA
232200	1.01189500021676e-06	NA
147630	9.89025050707036e-07	NA
615812	9.87989577379897e-07	NA
612526	9.67384824025024e-07	NA
605911	9.09009765966677e-07	NA
306000	8.9364488150074e-07	NA
125851	8.43445052858532e-07	MATURITY-ONSET DIABETES OF THE YOUNG, TYPE 2
167800	8.31366389594406e-07	NA
208300	8.27280483218115e-07	NA
604367	8.14519975679518e-07	NA
607616	7.81448725284578e-07	NA
610021	7.76324128351419e-07	NA
615751	7.59827815396082e-07	NA
125850	7.41095356695437e-07	MATURITY-ONSET DIABETES OF THE YOUNG
152200	7.37218570140576e-07	NA
605814	7.35514251430447e-07	NA
608594	7.29865176466759e-07	NA
615160	7.15954320752563e-07	NA
605019	6.64180120916549e-07	NA
167755	6.39177163399942e-07	NA
240600	6.38877358126859e-07	NA
615474	6.32950267622699e-07	NA
614190	6.24604655615713e-07	NA
229500	6.1631815978901e-07	NA
229800	5.8184794062154e-07	NA
602522	5.47314473662897e-07	NA
605115	5.35982011879236e-07	NA
602014	5.29528982466521e-07	NA
126900	5.29317420979345e-07	NA
262190	2.70737762060231e-07	NA
191540	2.60153683122948e-07	NA
246200	2.47272437065905e-07	NA
609812	2.29535117965697e-07	MATURITY-ONSET DIABETES OF THE YOUNG, TYPE 8
606394	2.27595190220882e-07	MATURITY-ONSET DIABETES OF THE YOUNG, TYPE 6
615026	2.23514455561366e-07	NA
203800	2.21740929489516e-07	NA
609968	2.172143041937e-07	NA
276700	2.16140501359806e-07	NA
260370	2.12703617550957e-07	NA
608189	2.04843510754609e-07	NA
109600	1.68812658212332e-07	NA
601820	1.6733386063472e-07	NA
615238	1.56019111437717e-07	NA
606762	1.55587539295215e-07	NA
200100	1.53415295404057e-07	NA
615558	1.53415295404057e-07	NA
194470	1.51511837907676e-07	NA
609197	1.47295030209047e-07	NA
610475	1.46411558152618e-07	NA
610489	1.46411558152618e-07	NA
219080	1.46411558152618e-07	NA
179820	1.43981891949112e-07	NA
263600	1.41843552073077e-07	NA
609975	1.412006039084e-07	NA
151800	1.39770739301261e-07	NA
613677	1.31996881363648e-07	NA
167770	1.31736690600281e-07	NA
601223	1.30373429845713e-07	NA
109160	1.29219558638527e-07	NA
240900	1.2713444800778e-07	NA
609734	1.17477402107274e-07	NA
608709	1.17254269259756e-07	NA
602025	1.06600776697632e-07	NA
615457	1.04979464082448e-07	NA
171200	1.03079434767801e-07	NA
613327	1.01652027147864e-07	NA
191530	1.0150194125632e-07	NA
614496	9.60540523446538e-08	NA
606824	9.53260073450402e-08	NA
260350	9.50925287934262e-08	NA
256450	9.33356482423163e-08	NA
300200	8.96546399374773e-08	NA
145270	8.75746315929311e-08	NA
126150	8.66899109345316e-08	NA
138900	8.64078250662695e-08	NA
177600	8.63255650175429e-08	NA
125800	8.50650237801461e-08	DIABETES INSIPIDUS, NEUROHYPOPHYSEAL, X-LINKED
132810	7.91255206099409e-08	NA
168820	7.76364287261738e-08	NA
600166	7.23850581664226e-08	NA
612671	7.13510821577875e-08	NA
606528	7.12775143520086e-08	NA
232900	7.01815289055456e-08	NA
613347	6.94625122483317e-08	NA
215720	6.83599072446929e-08	NA
268040	6.70420477840331e-08	NA
190430	6.39392138029868e-08	NA
240800	6.20393388754645e-08	NA
174050	5.90588408805189e-08	NA
251120	5.6960872905657e-08	NA
304900	5.53054620883186e-08	NA
240150	5.36320375577025e-08	NA
304800	5.18980633520986e-08	DIABETES INSIPIDUS, NEPHROGENIC, 1, X-LINKED
138040	5.13895677913999e-08	NA
103900	4.99604244014573e-08	NA
239350	4.82544716024152e-08	NA
614495	4.67962404567508e-08	NA
177200	4.38304407265481e-08	NA
150170	4.0583773978327e-08	NA
612780	3.85733725005131e-08	NA
614492	3.84788773524636e-08	NA
300539	3.70439428174093e-08	NA
607364	3.32681193264871e-08	NA
124060	3.26220492802324e-08	NA
610600	3.06657511931294e-08	NA
218030	2.95070669917793e-08	NA
614491	2.63977526182544e-08	NA
263800	2.57976534734747e-08	NA
143860	2.47534960034565e-08	NA
260450	2.33432443219625e-08	NA
601678	2.3105434956295e-08	NA
615517	2.24841198151296e-08	NA
611718	2.23650631924532e-08	NA
103230	2.1216311327738e-08	NA
241200	2.09928341271071e-08	NA
145260	2.05826845149822e-08	NA
212067	2.05353691287828e-08	NA
601198	2.03982846424442e-08	NA
613090	2.01017038253941e-08	NA
154020	1.88881265918257e-08	NA
209300	1.77094621008064e-08	NA
600955	1.53092071885582e-08	NA
613743	1.41502873658576e-08	NA
203400	1.40582365385223e-08	NA
177735	1.24840105275686e-08	NA
613886	1.1693602468226e-08	NA
602722	1.07902643997069e-08	NA
264350	9.36550430504467e-09	NA
305700	7.4648279145038e-09	NA
239199	5.4242151636271e-09	NA
241150	5.32357659574935e-09	NA
240200	5.27397047766423e-09	NA
214700	4.97725971225073e-09	NA
143880	3.17802793787315e-09	NA
615361	2.688337142241e-09	NA
source	0	NA
target	0	NA
