DiseaseID	Score	DiseaseName
601410	8.370369628544e-06	TYPE 1 DIABETES MELLITUS 2
143890	1.77694034217257e-06	HYPERCHOLESTEROLEMIA, FAMILIAL, 1
219090	1.22329145859224e-06	NA
601665	1.16138650755366e-06	NA
222100	1.0877055132307e-06	TYPE 1 DIABETES MELLITUS
614736	6.93149477121656e-07	NA
613375	6.42615256074012e-07	MATURITY-ONSET DIABETES OF THE YOUNG, TYPE 11
151660	6.21416602026225e-07	NA
603813	6.11435274738989e-07	HYPERCHOLESTEROLEMIA, FAMILIAL, 4
610947	6.09060963857188e-07	NA
603776	6.01193221403924e-07	HYPERCHOLESTEROLEMIA, FAMILIAL, 3
269700	5.97756256578505e-07	NA
615703	5.86693276035213e-07	NA
608594	5.83716940736156e-07	NA
615158	5.83021082342347e-07	NA
616192	5.69375974318294e-07	NA
614190	5.68041648208457e-07	NA
602522	5.62591343957513e-07	NA
167800	5.59468311863383e-07	NA
615474	5.58773584012894e-07	NA
602014	5.44588524435078e-07	NA
605814	5.44118239609074e-07	NA
125853	5.36881257910219e-07	TYPE 2 DIABETES MELLITUS
144250	3.21199262038832e-07	NA
238600	2.86447518935281e-07	NA
616214	1.77949819040712e-07	NA
125852	1.77025840912996e-07	NA
612520	1.425616710037e-07	NA
615954	1.37408773826304e-07	NA
601666	1.33186031024509e-07	NA
262190	1.27615055858753e-07	NA
223500	1.21666456661083e-07	NA
610374	1.20300491927186e-07	NA
601942	1.14066802949273e-07	NA
260370	1.132271758104e-07	NA
300200	1.07328242246434e-07	NA
203800	5.99624270231875e-08	NA
240900	5.83123928242828e-08	NA
616511	5.59391069460182e-08	MATURITY-ONSET DIABETES OF THE YOUNG, TYPE 14
614028	5.47728736390324e-08	NA
602247	5.46194956474574e-08	NA
616329	5.15600165554357e-08	NA
144650	4.85236762635462e-08	NA
602025	4.78222107472807e-08	NA
107741	4.75889824287695e-08	NA
144300	4.73374835825144e-08	NA
615457	4.70898579291689e-08	NA
190430	4.62107227152403e-08	NA
144400	4.6206929665696e-08	NA
613677	4.53682725764508e-08	NA
144010	4.23529482588286e-08	HYPERCHOLESTEROLEMIA, FAMILIAL, 2
147630	4.18845291878452e-08	NA
615830	4.17054595347644e-08	NA
136120	4.03244486621043e-08	NA
304900	3.94554368892172e-08	NA
219080	3.94016778688641e-08	NA
610475	3.94016778688641e-08	NA
610489	3.94016778688641e-08	NA
207750	3.86439392888085e-08	NA
240600	3.85981049692087e-08	NA
605019	3.69838613584626e-08	NA
108725	3.60769435224411e-08	NA
612780	3.59586753090713e-08	NA
277460	3.43842428400084e-08	NA
613877	3.38163672517369e-08	NA
608600	3.37332027383816e-08	NA
615962	3.36810928909172e-08	NA
145750	3.24469920077409e-08	NA
604367	3.16988537640838e-08	NA
215720	3.16633178783487e-08	NA
246200	3.13896721854961e-08	NA
612526	3.06025005320884e-08	NA
608320	2.98078352336545e-08	NA
607364	2.95943300771267e-08	NA
125800	2.59426703213123e-08	DIABETES INSIPIDUS, NEUROHYPOPHYSEAL, X-LINKED
615238	2.37447182975514e-08	NA
601820	2.35610279974183e-08	NA
144600	2.35038101308443e-08	NA
260350	2.33110646045477e-08	NA
614496	2.32674699413357e-08	NA
610600	2.29477293655336e-08	NA
306000	2.26725103909844e-08	NA
263800	2.22680975281122e-08	NA
614492	2.18334114083576e-08	NA
614495	2.11047751991394e-08	NA
610508	2.05983305726936e-08	MATURITY-ONSET DIABETES OF THE YOUNG, TYPE 7
615160	2.02946747539205e-08	NA
601198	2.0294511435325e-08	NA
154020	1.89800435487948e-08	NA
611718	1.87894105398425e-08	NA
606392	1.78614881242181e-08	MATURITY-ONSET DIABETES OF THE YOUNG, TYPE 4
613090	1.76933050122301e-08	NA
125851	1.74073314256468e-08	MATURITY-ONSET DIABETES OF THE YOUNG, TYPE 2
614491	1.73144150210385e-08	NA
608709	1.72928916284268e-08	NA
601678	1.72845681969094e-08	NA
125850	1.71543583890642e-08	MATURITY-ONSET DIABETES OF THE YOUNG
600496	1.64918657549197e-08	MATURITY-ONSET DIABETES OF THE YOUNG, TYPE 3
241200	1.63636743675097e-08	NA
612227	1.5949011146398e-08	NA
103900	1.55325143658884e-08	NA
600089	1.53739740584659e-08	NA
606824	1.53536725206967e-08	NA
614662	1.44939463990552e-08	NA
608189	1.42592260552276e-08	NA
152200	1.39249964707143e-08	NA
615812	1.36905329909889e-08	NA
613743	1.36266312450959e-08	NA
167755	1.35313276877696e-08	NA
118830	1.3247863694965e-08	NA
610582	1.29126128874449e-08	NA
605911	1.26589671860915e-08	NA
143470	1.25690313310686e-08	NA
615947	1.25532796624011e-08	NA
103230	1.25510757699783e-08	NA
229500	1.21732828864514e-08	NA
613370	1.19906885679675e-08	MATURITY-ONSET DIABETES OF THE YOUNG, TYPE 10
191540	1.19583608020847e-08	NA
177200	1.16204861464696e-08	NA
601941	1.16101024855888e-08	NA
613327	1.115333759833e-08	NA
300539	1.09662978799101e-08	NA
145260	1.08533082840364e-08	NA
614025	1.07880597077273e-08	NA
606721	1.05687897347899e-08	NA
614033	1.05017312345596e-08	NA
612225	1.03843776836046e-08	MATURITY-ONSET DIABETES OF THE YOUNG, TYPE 9
269200	1.02666398679448e-08	NA
143860	1.02452738293969e-08	NA
616095	1.00894255127822e-08	NA
557000	1.00849762063917e-08	NA
606394	9.56879551429827e-09	MATURITY-ONSET DIABETES OF THE YOUNG, TYPE 6
171200	9.42748367530179e-09	NA
605115	9.39603895515470e-09	NA
229800	9.38638699199821e-09	NA
615751	9.37798141219337e-09	NA
615961	9.35857767898886e-09	NA
126900	9.11308589345521e-09	NA
612671	9.00495642469647e-09	NA
232220	8.96363359245265e-09	NA
615026	8.908576883088e-09	NA
609812	8.90146312222907e-09	MATURITY-ONSET DIABETES OF THE YOUNG, TYPE 8
609197	8.85046676220668e-09	NA
609734	8.71356900590169e-09	NA
609975	8.59041756462724e-09	NA
208300	8.42380942710175e-09	NA
613347	8.28879225228058e-09	NA
263600	8.13220036265407e-09	NA
276700	8.13204566281012e-09	NA
126150	8.11627105812751e-09	NA
191530	8.08314311390953e-09	NA
167770	8.03846164683905e-09	NA
268040	8.01491089164171e-09	NA
151800	7.96358498345947e-09	NA
203400	7.92619108370283e-09	NA
610199	7.72151044437094e-09	NA
610021	7.32564824859044e-09	NA
260450	7.25083607427288e-09	NA
256450	7.17242422052959e-09	NA
209300	6.97249268958516e-09	NA
609968	6.43438347030432e-09	NA
232200	6.33161445718532e-09	NA
174050	6.25947665390753e-09	NA
613886	6.12200166794471e-09	NA
600955	5.7381321906227e-09	NA
207780	5.64830186068162e-09	NA
602485	5.53897093125547e-09	NA
138900	5.20578793536599e-09	NA
177735	4.99055375655682e-09	NA
240300	4.91902880674557e-09	NA
210740	4.65192477941431e-09	NA
249599	4.65192477941431e-09	NA
205400	4.60489270887624e-09	NA
129840	4.57577066833292e-09	NA
166700	4.30303130823694e-09	NA
209010	4.30303130823694e-09	NA
241080	4.30303130823694e-09	NA
560000	4.30303130823694e-09	NA
240150	4.15006173046179e-09	NA
602475	3.96033127419726e-09	NA
304800	3.78743356136023e-09	DIABETES INSIPIDUS, NEPHROGENIC, 1, X-LINKED
264350	3.64038001551756e-09	NA
241150	3.53513952447318e-09	NA
179820	3.49481885840091e-09	NA
305700	3.38366831361679e-09	NA
606528	3.28162572790885e-09	NA
232240	3.26464035268247e-09	NA
251120	3.18500914187997e-09	NA
245900	3.03068668872745e-09	NA
606762	3.02718954245151e-09	NA
138040	2.9534459536989e-09	NA
218030	2.86362935007786e-09	NA
109160	2.83091447427114e-09	NA
109600	2.48757340677527e-09	NA
600952	2.47307635364436e-09	NA
615517	2.26882310876267e-09	NA
240200	2.25903310201675e-09	NA
239350	2.23203199029119e-09	NA
214700	2.18462001979179e-09	NA
607616	2.10654942675062e-09	NA
600166	2.08177747091527e-09	NA
601223	1.98580158090894e-09	NA
194470	1.94425264163887e-09	NA
615361	1.90174261845754e-09	NA
200100	1.50051781932451e-09	NA
615558	1.50051781932451e-09	NA
168820	1.37062268930515e-09	NA
150170	1.30197944872155e-09	NA
177600	1.29379866470498e-09	NA
145270	1.27995244540228e-09	NA
239199	1.21075097804331e-09	NA
143880	1.13698550813189e-09	NA
602722	1.04164178014314e-09	NA
124060	9.99195412021716e-10	NA
132810	9.81652717412615e-10	NA
240800	9.55170930346953e-10	NA
232900	7.98449068062123e-10	NA
212067	6.6022583724888e-10	NA
source	0	NA
target	0	NA
