DiseaseID	Score	DiseaseName
143890	1.76219018222662e-06	HYPERCHOLESTEROLEMIA, FAMILIAL, 1
601410	1.18312066883249e-06	TYPE 1 DIABETES MELLITUS 2
601665	1.1519503469479e-06	NA
222100	1.07652747877829e-06	TYPE 1 DIABETES MELLITUS
613375	6.34937606632708e-07	MATURITY-ONSET DIABETES OF THE YOUNG, TYPE 11
603813	6.06420462734069e-07	HYPERCHOLESTEROLEMIA, FAMILIAL, 4
610947	6.03173881289961e-07	NA
151660	6.02576614203908e-07	NA
603776	5.96003512619042e-07	HYPERCHOLESTEROLEMIA, FAMILIAL, 3
614736	5.94450642076473e-07	NA
269700	5.88139154091348e-07	NA
615703	5.81073929345126e-07	NA
615158	5.74936669721855e-07	NA
608594	5.69238875209268e-07	NA
219090	5.6393676737393e-07	NA
614190	5.59447631310771e-07	NA
602522	5.57723776708398e-07	NA
616192	5.54524354931996e-07	NA
615474	5.53541598556842e-07	NA
167800	5.51393393595739e-07	NA
602014	5.40751139561331e-07	NA
605814	5.39667986546097e-07	NA
125853	5.29796296383728e-07	TYPE 2 DIABETES MELLITUS
144250	3.18419938277749e-07	NA
238600	2.84092636160094e-07	NA
125852	6.97702674741223e-08	NA
616214	6.54009099032755e-08	NA
240900	5.61107394070884e-08	NA
614028	5.42197454597858e-08	NA
602247	5.40567467518426e-08	NA
144650	4.80993194033289e-08	NA
602025	4.73199229428822e-08	NA
144300	4.6933075483941e-08	NA
615457	4.66014961810408e-08	NA
107741	4.63121471559321e-08	NA
144400	4.58087408427183e-08	NA
190430	4.57576050111514e-08	NA
613677	4.41413130378654e-08	NA
203800	4.31832326829719e-08	NA
612520	4.23364636897983e-08	NA
144010	4.19717482082687e-08	HYPERCHOLESTEROLEMIA, FAMILIAL, 2
616511	4.06267909155039e-08	MATURITY-ONSET DIABETES OF THE YOUNG, TYPE 14
136120	3.99505483486736e-08	NA
304900	3.89371412262649e-08	NA
207750	3.82755832953737e-08	NA
616329	3.70601833055068e-08	NA
605019	3.666342907776e-08	NA
108725	3.56594797554356e-08	NA
262190	3.5430880432648e-08	NA
612780	3.52619289692189e-08	NA
147630	3.45240655554652e-08	NA
601666	3.4379897247409e-08	NA
277460	3.4084817596293e-08	NA
240600	3.27532345497416e-08	NA
613877	3.27519644333128e-08	NA
145750	3.19964839474816e-08	NA
608600	3.11650521292692e-08	NA
615954	3.05864564843649e-08	NA
215720	3.00856143132907e-08	NA
612526	2.97827508769039e-08	NA
223500	2.97192543998721e-08	NA
604367	2.95056131528722e-08	NA
608320	2.95052529935749e-08	NA
610374	2.66061787517471e-08	NA
246200	2.5817598317503e-08	NA
125800	2.54222149764227e-08	DIABETES INSIPIDUS, NEUROHYPOPHYSEAL, X-LINKED
607364	2.51372240628006e-08	NA
144600	2.32656324566495e-08	NA
615238	2.31335950756891e-08	NA
615830	2.25571525981307e-08	NA
260370	2.24466169200683e-08	NA
306000	2.24351514707477e-08	NA
614496	2.22952108961712e-08	NA
263800	2.19755580633042e-08	NA
614492	2.14650249088092e-08	NA
219080	2.08893629033441e-08	NA
610475	2.08893629033441e-08	NA
610489	2.08893629033441e-08	NA
614495	2.07471373261782e-08	NA
260350	2.01272245612826e-08	NA
601198	2.0056267910173e-08	NA
615962	1.99894539774916e-08	NA
601942	1.89597323876865e-08	NA
154020	1.88359642133986e-08	NA
610600	1.86202220713635e-08	NA
611718	1.86067037479821e-08	NA
601820	1.76770072666242e-08	NA
615160	1.7314779506004e-08	NA
613090	1.71376127011031e-08	NA
614491	1.69523600098953e-08	NA
610508	1.68681053913519e-08	MATURITY-ONSET DIABETES OF THE YOUNG, TYPE 7
608709	1.68393418348799e-08	NA
601678	1.68285367802648e-08	NA
300200	1.66185346555262e-08	NA
241200	1.5993275833272e-08	NA
125851	1.54753211985972e-08	MATURITY-ONSET DIABETES OF THE YOUNG, TYPE 2
125850	1.53590515391205e-08	MATURITY-ONSET DIABETES OF THE YOUNG
103900	1.5082818837804e-08	NA
152200	1.37898962751024e-08	NA
606824	1.37549289061766e-08	NA
615812	1.29084467377953e-08	NA
118830	1.2893582711807e-08	NA
143470	1.24048302471031e-08	NA
615947	1.23933962432323e-08	NA
606392	1.14827822916061e-08	MATURITY-ONSET DIABETES OF THE YOUNG, TYPE 4
177200	1.12451951700714e-08	NA
191540	1.11838664683254e-08	NA
613327	1.08336830230656e-08	NA
608189	1.07761060272966e-08	NA
600496	1.07033466521149e-08	MATURITY-ONSET DIABETES OF THE YOUNG, TYPE 3
614025	1.06924686153861e-08	NA
145260	1.06503888188996e-08	NA
300539	1.06030307033462e-08	NA
606721	1.02621684735672e-08	NA
612227	9.91497913042366e-09	NA
143860	9.86657466568943e-09	NA
600089	9.79725726675813e-09	NA
229500	9.70698711994139e-09	NA
610582	9.61067343649966e-09	NA
613743	9.30879047804221e-09	NA
167755	9.20672659309465e-09	NA
613370	9.19181255473994e-09	MATURITY-ONSET DIABETES OF THE YOUNG, TYPE 10
605115	9.1254817337962e-09	NA
612671	8.81486896069816e-09	NA
616095	8.52855375205423e-09	NA
614662	8.485369033754e-09	NA
612225	8.45537148515444e-09	MATURITY-ONSET DIABETES OF THE YOUNG, TYPE 9
232220	8.41674815326811e-09	NA
103230	8.31322708587491e-09	NA
609812	8.2070827291404e-09	MATURITY-ONSET DIABETES OF THE YOUNG, TYPE 8
208300	8.0841858136675e-09	NA
605911	8.04520422431361e-09	NA
126900	8.0106360518868e-09	NA
126150	7.93089840550466e-09	NA
613347	7.93082219673534e-09	NA
191530	7.919193981685e-09	NA
276700	7.88864029805462e-09	NA
171200	7.84681694319839e-09	NA
615751	7.82518537685742e-09	NA
606394	7.7310555830457e-09	MATURITY-ONSET DIABETES OF THE YOUNG, TYPE 6
614033	7.67908872426823e-09	NA
615026	7.6433965229783e-09	NA
167770	7.63231617834793e-09	NA
151800	7.61248513396078e-09	NA
268040	7.36335097694023e-09	NA
609734	7.19808633940016e-09	NA
609975	7.19544509456673e-09	NA
269200	7.00333930814546e-09	NA
260450	7.00039632200954e-09	NA
229800	6.94398990327208e-09	NA
209300	6.74079241880599e-09	NA
609197	6.48932179237222e-09	NA
263600	6.48662775059714e-09	NA
232200	6.23864960967831e-09	NA
174050	6.10279069208818e-09	NA
613886	6.05958037461789e-09	NA
138900	5.09883489891948e-09	NA
601941	4.65840720339948e-09	NA
205400	4.56172493062328e-09	NA
177735	4.51679234035054e-09	NA
557000	4.29909499314332e-09	NA
240150	4.11064759748135e-09	NA
610021	4.0208672850629e-09	NA
203400	3.84973018268633e-09	NA
256450	3.79778554390644e-09	NA
304800	3.48497300327824e-09	DIABETES INSIPIDUS, NEPHROGENIC, 1, X-LINKED
609968	3.47410517527814e-09	NA
241150	3.39027780713073e-09	NA
305700	3.30478753339526e-09	NA
232240	3.19359918420081e-09	NA
615961	3.16687049654446e-09	NA
264350	3.11109015378276e-09	NA
245900	3.00301262267684e-09	NA
251120	2.82335650434586e-09	NA
218030	2.63174079527088e-09	NA
610199	2.55738118563693e-09	NA
207780	2.46264605961265e-09	NA
109160	2.45631945315831e-09	NA
129840	2.41124351597392e-09	NA
138040	2.39116842394538e-09	NA
615517	2.19721102564057e-09	NA
602485	2.19089896237338e-09	NA
109600	2.13088292317848e-09	NA
240200	2.11796785178834e-09	NA
239350	2.10386893017529e-09	NA
607616	2.08683910928964e-09	NA
214700	1.97386331501301e-09	NA
606528	1.9300120899783e-09	NA
179820	1.91271320362557e-09	NA
615361	1.86970502755131e-09	NA
602475	1.79618947604389e-09	NA
601223	1.79008096535759e-09	NA
240300	1.77637815284059e-09	NA
194470	1.74557230974412e-09	NA
606762	1.64958884135896e-09	NA
600955	1.59002781392132e-09	NA
200100	1.48640705624625e-09	NA
615558	1.48640705624625e-09	NA
210740	1.46613815039202e-09	NA
249599	1.46613815039202e-09	NA
166700	1.35617867746315e-09	NA
209010	1.35617867746315e-09	NA
241080	1.35617867746315e-09	NA
560000	1.35617867746315e-09	NA
600952	1.34668621855114e-09	NA
168820	1.27509100361184e-09	NA
150170	1.16627133127131e-09	NA
145270	1.16462221579514e-09	NA
177600	1.14597870258576e-09	NA
143880	1.10719214320501e-09	NA
239199	1.0419373696345e-09	NA
124060	9.30139739408175e-10	NA
602722	8.86264045351206e-10	NA
132810	8.05062014291271e-10	NA
232900	7.65777696558868e-10	NA
600166	7.21925627657615e-10	NA
240800	5.7013314217368e-10	NA
212067	5.02119482750321e-10	NA
source	0	NA
target	0	NA
