DiseaseID	Score	DiseaseName
151660	2.98306363856411e-06	NA
143890	1.76106523964465e-06	HYPERCHOLESTEROLEMIA, FAMILIAL, 1
219090	1.2116723678708e-06	NA
601410	1.1868861453712e-06	TYPE 1 DIABETES MELLITUS 2
601665	1.15073812626536e-06	NA
222100	1.07572244589962e-06	TYPE 1 DIABETES MELLITUS
269700	9.86230631845016e-07	NA
615474	7.57064000280571e-07	NA
613375	6.3442532065434e-07	MATURITY-ONSET DIABETES OF THE YOUNG, TYPE 11
608594	6.07169509969121e-07	NA
603813	6.0700773244837e-07	HYPERCHOLESTEROLEMIA, FAMILIAL, 4
610947	6.03292556420041e-07	NA
603776	5.95656165493001e-07	HYPERCHOLESTEROLEMIA, FAMILIAL, 3
614736	5.94229172241705e-07	NA
615703	5.86731569396368e-07	NA
615158	5.74683192797278e-07	NA
614190	5.61984606000849e-07	NA
602522	5.57251036922733e-07	NA
616192	5.54097342393287e-07	NA
167800	5.50870004975155e-07	NA
602014	5.39577550611291e-07	NA
605814	5.39153494741711e-07	NA
125853	5.29342768846721e-07	TYPE 2 DIABETES MELLITUS
144250	3.43222462334619e-07	NA
238600	2.84530160803753e-07	NA
203800	8.84453768395376e-08	NA
125852	7.08656171265624e-08	NA
608600	7.0842310240511e-08	NA
616214	7.00532064805843e-08	NA
612526	6.74002316415754e-08	NA
613877	6.69917362851968e-08	NA
604367	6.676622501206e-08	NA
246200	5.78315847485415e-08	NA
614028	5.72082837035266e-08	NA
602247	5.66952653683372e-08	NA
145750	5.64270227294391e-08	NA
240900	5.60793043249649e-08	NA
615238	5.12175414956282e-08	NA
608709	4.9137085889989e-08	NA
144650	4.88368141450605e-08	NA
613677	4.79531045840306e-08	NA
144300	4.77619207811595e-08	NA
602025	4.73007532645283e-08	NA
107741	4.72513704307458e-08	NA
615457	4.65826517095976e-08	NA
144400	4.64166509736981e-08	NA
190430	4.57142158381512e-08	NA
615954	4.55745255840608e-08	NA
262190	4.46393554718032e-08	NA
616511	4.32484872700241e-08	MATURITY-ONSET DIABETES OF THE YOUNG, TYPE 14
612520	4.2638749321176e-08	NA
144010	4.24599734597765e-08	HYPERCHOLESTEROLEMIA, FAMILIAL, 2
616329	4.06589047174279e-08	NA
136120	4.01244501512749e-08	NA
207750	3.91314700253739e-08	NA
304900	3.90396433294795e-08	NA
606721	3.77875630656051e-08	NA
108725	3.75363867222816e-08	NA
615830	3.75175270751976e-08	NA
605019	3.6799209551305e-08	NA
147630	3.6490833441039e-08	NA
277460	3.55447198538185e-08	NA
219080	3.55255818708415e-08	NA
610475	3.55255818708415e-08	NA
610489	3.55255818708415e-08	NA
612780	3.54418487004762e-08	NA
615962	3.49386013092613e-08	NA
601666	3.46939618404546e-08	NA
151800	3.3612824153597e-08	NA
240600	3.31378277463305e-08	NA
608320	3.0132201699618e-08	NA
215720	3.00637620298275e-08	NA
223500	2.98010236412376e-08	NA
607364	2.79190900692481e-08	NA
610374	2.67716726460002e-08	NA
614496	2.58915183737244e-08	NA
125800	2.5427419522168e-08	DIABETES INSIPIDUS, NEUROHYPOPHYSEAL, X-LINKED
614492	2.45095036343548e-08	NA
144600	2.42385823488851e-08	NA
614495	2.36592141794646e-08	NA
260370	2.25230691128294e-08	NA
306000	2.24790823546193e-08	NA
263800	2.20954057644066e-08	NA
260350	2.01429442295421e-08	NA
601198	2.00386163837516e-08	NA
614491	1.99895170697633e-08	NA
601942	1.91693590741851e-08	NA
610600	1.89878732668868e-08	NA
154020	1.8800716554497e-08	NA
611718	1.85740670227771e-08	NA
601820	1.77811788571048e-08	NA
615160	1.75958061074914e-08	NA
613090	1.73801040646709e-08	NA
610508	1.70225817209999e-08	MATURITY-ONSET DIABETES OF THE YOUNG, TYPE 7
601678	1.69719211905378e-08	NA
300200	1.67417835251383e-08	NA
241200	1.60755255403997e-08	NA
125851	1.55025384632004e-08	MATURITY-ONSET DIABETES OF THE YOUNG, TYPE 2
103900	1.54246233069233e-08	NA
125850	1.53793120010925e-08	MATURITY-ONSET DIABETES OF THE YOUNG
613327	1.49995200440029e-08	NA
152200	1.46055803857607e-08	NA
177200	1.4443084200584e-08	NA
606824	1.37587178699305e-08	NA
145260	1.37285800322782e-08	NA
300539	1.35278692330556e-08	NA
615812	1.35129329933141e-08	NA
191540	1.33639639165671e-08	NA
118830	1.29242849078907e-08	NA
615947	1.25909880394776e-08	NA
143470	1.24977431686334e-08	NA
605115	1.19347788894979e-08	NA
606392	1.16089427382114e-08	MATURITY-ONSET DIABETES OF THE YOUNG, TYPE 4
614025	1.14778898557667e-08	NA
600496	1.08135065374607e-08	MATURITY-ONSET DIABETES OF THE YOUNG, TYPE 3
608189	1.08128590521049e-08	NA
612227	1.0059093126746e-08	NA
143860	9.88841348180317e-09	NA
600089	9.86800699490896e-09	NA
232220	9.79731713396745e-09	NA
229500	9.7669869094248e-09	NA
610582	9.68151450621367e-09	NA
613743	9.41223647993205e-09	NA
613370	9.30649456941182e-09	MATURITY-ONSET DIABETES OF THE YOUNG, TYPE 10
167755	9.25141740594625e-09	NA
614662	8.9317504416535e-09	NA
612671	8.88209225249898e-09	NA
126900	8.80936282339674e-09	NA
268040	8.6580827526709e-09	NA
616095	8.64077621069978e-09	NA
612225	8.533338800239e-09	MATURITY-ONSET DIABETES OF THE YOUNG, TYPE 9
103230	8.36892803001836e-09	NA
609812	8.24192026731353e-09	MATURITY-ONSET DIABETES OF THE YOUNG, TYPE 8
208300	8.12889191483327e-09	NA
605911	8.11227947750995e-09	NA
609734	8.11053853648891e-09	NA
615751	7.97108523745347e-09	NA
613347	7.95480420658558e-09	NA
276700	7.94345996035893e-09	NA
126150	7.93156913007165e-09	NA
191530	7.92735561294343e-09	NA
171200	7.90792442223606e-09	NA
614033	7.79566448738575e-09	NA
606394	7.76625743940502e-09	MATURITY-ONSET DIABETES OF THE YOUNG, TYPE 6
615026	7.72952271913307e-09	NA
167770	7.65914935465535e-09	NA
609975	7.24074989279224e-09	NA
269200	7.01445229483364e-09	NA
260450	6.99770735772841e-09	NA
229800	6.95885363771258e-09	NA
209300	6.73730719798022e-09	NA
609197	6.53518396795442e-09	NA
263600	6.49789669326512e-09	NA
232200	6.37547904833299e-09	NA
174050	6.09916694221093e-09	NA
613886	6.05588438241051e-09	NA
138900	5.15617044778854e-09	NA
177735	4.90466902971378e-09	NA
601941	4.81880881511304e-09	NA
205400	4.6625603593474e-09	NA
557000	4.31753428236469e-09	NA
610021	4.17722430359892e-09	NA
240150	4.11825839749396e-09	NA
203400	4.06006038596053e-09	NA
256450	3.87285773008842e-09	NA
207780	3.84983403372685e-09	NA
609968	3.57556721705744e-09	NA
304800	3.51004565611177e-09	DIABETES INSIPIDUS, NEPHROGENIC, 1, X-LINKED
241150	3.47114365540174e-09	NA
264350	3.40097496424933e-09	NA
232240	3.37007893007249e-09	NA
305700	3.30321131578954e-09	NA
615961	3.2912767299843e-09	NA
138040	3.26821541325908e-09	NA
245900	3.0648295009133e-09	NA
218030	3.0177355186639e-09	NA
251120	2.82575117817655e-09	NA
610199	2.64185075834991e-09	NA
109160	2.54816475258809e-09	NA
240200	2.46009664071974e-09	NA
615517	2.45477393990416e-09	NA
129840	2.42855779889038e-09	NA
602485	2.25570075720669e-09	NA
109600	2.16889438744978e-09	NA
214700	2.14404451740262e-09	NA
607616	2.13649780642767e-09	NA
239350	2.11249514183908e-09	NA
606528	1.97561650718941e-09	NA
179820	1.94707631068797e-09	NA
615361	1.8826243433556e-09	NA
602475	1.87297694391219e-09	NA
601223	1.80682206237098e-09	NA
240300	1.79220481938186e-09	NA
194470	1.76191148799619e-09	NA
606762	1.74892609767304e-09	NA
600955	1.6467702088857e-09	NA
200100	1.53796043167775e-09	NA
615558	1.53796043167775e-09	NA
210740	1.48252721598688e-09	NA
249599	1.48252721598688e-09	NA
600952	1.38975527374442e-09	NA
166700	1.37133858388277e-09	NA
209010	1.37133858388277e-09	NA
241080	1.37133858388277e-09	NA
560000	1.37133858388277e-09	NA
168820	1.28810206112232e-09	NA
150170	1.26350196199304e-09	NA
145270	1.17496277410259e-09	NA
177600	1.15970378186644e-09	NA
143880	1.10945201138937e-09	NA
239199	1.05504110731438e-09	NA
124060	9.41558487733827e-10	NA
602722	8.89086107556919e-10	NA
232900	8.26550381321828e-10	NA
132810	8.19898032558428e-10	NA
600166	7.2781743416648e-10	NA
240800	5.8306717926563e-10	NA
212067	5.05469578923135e-10	NA
source	0	NA
target	0	NA
