DiseaseID	Score	DiseaseName
125853	0.00178875329568452	TYPE 2 DIABETES MELLITUS
125852	2.70749675987777e-05	NA
600496	2.62504530625617e-05	MATURITY-ONSET DIABETES OF THE YOUNG, TYPE 3
610374	2.56104397104671e-05	NA
610508	2.54283688175825e-05	MATURITY-ONSET DIABETES OF THE YOUNG, TYPE 7
606392	2.53679794117959e-05	MATURITY-ONSET DIABETES OF THE YOUNG, TYPE 4
125851	2.47506886003507e-05	MATURITY-ONSET DIABETES OF THE YOUNG, TYPE 2
125850	2.46350354788759e-05	MATURITY-ONSET DIABETES OF THE YOUNG
610582	2.44049731956081e-05	NA
600089	2.35366907841899e-05	NA
126900	2.3138772549695e-05	NA
143860	2.25716576656052e-05	NA
103900	2.25511623278325e-05	NA
605911	1.11459402507791e-05	NA
612225	2.63455148553387e-06	MATURITY-ONSET DIABETES OF THE YOUNG, TYPE 9
613370	2.59401245472995e-06	MATURITY-ONSET DIABETES OF THE YOUNG, TYPE 10
606394	2.43500487378951e-06	MATURITY-ONSET DIABETES OF THE YOUNG, TYPE 6
601941	2.31741487312233e-06	NA
151660	2.27498169253679e-06	NA
612520	2.26186273713744e-06	NA
608600	2.0298773187256e-06	NA
229800	1.97853625626727e-06	NA
613375	1.91644512422655e-06	MATURITY-ONSET DIABETES OF THE YOUNG, TYPE 11
601410	1.86180873819043e-06	TYPE 1 DIABETES MELLITUS 2
179820	1.80044766274998e-06	NA
177735	1.7739773024544e-06	NA
143890	1.76900980866443e-06	HYPERCHOLESTEROLEMIA, FAMILIAL, 1
601666	1.75118095596916e-06	NA
616511	1.74133132773328e-06	MATURITY-ONSET DIABETES OF THE YOUNG, TYPE 14
147630	1.69793216487573e-06	NA
612227	1.68273234415359e-06	NA
614033	1.65351697418607e-06	NA
616329	1.62906704385863e-06	NA
614190	1.57237875364965e-06	NA
601942	1.49244806802131e-06	NA
222100	1.43204965249445e-06	TYPE 1 DIABETES MELLITUS
263600	1.42932256376413e-06	NA
171200	1.40652238055257e-06	NA
229500	1.23439204097307e-06	NA
601665	1.19524006341503e-06	NA
167755	1.04764108346212e-06	NA
613677	1.03689215563869e-06	NA
177200	1.03421490801806e-06	NA
600166	1.01430353054456e-06	NA
129840	9.99974747323769e-07	NA
610021	9.83572007082825e-07	NA
145260	9.7045832749132e-07	NA
610600	9.60581742217371e-07	NA
194470	9.60194776082366e-07	NA
203400	9.46274975568702e-07	NA
125800	9.23041632016066e-07	DIABETES INSIPIDUS, NEUROHYPOPHYSEAL, X-LINKED
605115	9.15205598301833e-07	NA
103230	9.1469241706365e-07	NA
609968	9.07433106542286e-07	NA
132810	8.9868415762464e-07	NA
264350	8.96863164090394e-07	NA
214700	8.88632799214594e-07	NA
304800	8.83609902343433e-07	DIABETES INSIPIDUS, NEPHROGENIC, 1, X-LINKED
616192	8.62433718449125e-07	NA
109600	8.59031942538835e-07	NA
614662	8.53230504216005e-07	NA
126150	8.50283093160519e-07	NA
615158	8.50167604175444e-07	NA
109160	8.21696247938832e-07	NA
260370	8.06444816797084e-07	NA
215720	7.99153837802315e-07	NA
616214	7.70251880426257e-07	NA
614736	7.07315285291774e-07	NA
609197	7.06483551822273e-07	NA
167800	6.97478410669589e-07	NA
268040	6.90042329928437e-07	NA
615474	6.64274975136713e-07	NA
269700	6.58097597879291e-07	NA
610947	6.50620319704444e-07	NA
615703	6.44582193944233e-07	NA
608594	6.43644127545932e-07	NA
603776	6.39770362464428e-07	HYPERCHOLESTEROLEMIA, FAMILIAL, 3
145270	6.2757182432495e-07	NA
603813	6.10979430422454e-07	HYPERCHOLESTEROLEMIA, FAMILIAL, 4
219090	5.86688689007603e-07	NA
605814	5.86430856361838e-07	NA
602522	5.77725836214908e-07	NA
601223	5.75777714449578e-07	NA
168820	5.74796461271912e-07	NA
177600	5.41802280474684e-07	NA
602014	5.36931089777034e-07	NA
609812	5.24894510385656e-07	MATURITY-ONSET DIABETES OF THE YOUNG, TYPE 8
191530	5.2397277806554e-07	NA
124060	5.06631113929106e-07	NA
602485	4.93745688092623e-07	NA
240600	4.71394218029795e-07	NA
143470	4.21059236766121e-07	NA
600952	3.87718077048755e-07	NA
615961	3.73742926826729e-07	NA
557000	3.50886323513974e-07	NA
150170	3.41761760362139e-07	NA
144250	3.4089757086024e-07	NA
610199	3.21313694064038e-07	NA
238600	2.85268458413828e-07	NA
269200	2.83262345994402e-07	NA
210740	2.76568580978796e-07	NA
249599	2.76568580978796e-07	NA
240300	2.72821677851819e-07	NA
602475	2.72007166765915e-07	NA
223500	2.64664130153134e-07	NA
107741	2.64098785987302e-07	NA
207780	2.590035609031e-07	NA
166700	2.55825937415593e-07	NA
209010	2.55825937415593e-07	NA
241080	2.55825937415593e-07	NA
560000	2.55825937415593e-07	NA
609975	2.29824003329793e-07	NA
606762	2.25028373171231e-07	NA
615160	2.19387642485505e-07	NA
218030	1.90216428968684e-07	NA
260350	1.75830456917824e-07	NA
614491	1.70789297321965e-07	NA
614492	1.68666724228432e-07	NA
608189	1.61242830066539e-07	NA
614496	1.58283045200892e-07	NA
601820	1.56072065152508e-07	NA
601678	1.54002497317013e-07	NA
612671	1.5293211414383e-07	NA
615517	1.45082622118757e-07	NA
300539	1.4305014803263e-07	NA
241200	1.38645320569508e-07	NA
613877	1.36458230430519e-07	NA
604367	1.25010761087656e-07	NA
614495	1.23764424984679e-07	NA
304900	1.22619558299952e-07	NA
203800	1.22547113745442e-07	NA
256450	1.21808705413954e-07	NA
240900	1.18411551061108e-07	NA
607364	1.16549725336122e-07	NA
300200	1.11076292951869e-07	NA
612526	1.0956400473656e-07	NA
602247	1.04340664823627e-07	NA
262190	1.03945013059237e-07	NA
240200	1.03127446488451e-07	NA
108725	9.92766675876312e-08	NA
239350	9.81382001497659e-08	NA
615238	9.12477693134821e-08	NA
151800	8.92660784955874e-08	NA
616095	8.85168104671927e-08	NA
615751	8.76704439588565e-08	NA
612780	8.49554590147477e-08	NA
615954	8.42063435815189e-08	NA
615962	8.23227136933025e-08	NA
241150	8.13321168955176e-08	NA
608709	7.86320847713793e-08	NA
167770	7.68663045945191e-08	NA
614028	7.66073280817072e-08	NA
606721	7.54355638519003e-08	NA
613743	7.46044952501067e-08	NA
615830	7.42777597702602e-08	NA
246200	7.41445740037971e-08	NA
609734	7.01821393872428e-08	NA
191540	6.968456629608e-08	NA
138040	6.88922668568634e-08	NA
138900	6.8674488091204e-08	NA
118830	6.8516236382979e-08	NA
613090	6.65561479505559e-08	NA
240800	6.62712780611015e-08	NA
602025	6.33708145453219e-08	NA
144650	6.33628045543512e-08	NA
615457	6.22389664839902e-08	NA
600955	6.19622889593585e-08	NA
190430	6.0909690149327e-08	NA
251120	5.92790568742884e-08	NA
613327	5.90462848852397e-08	NA
212067	5.87638363152975e-08	NA
136120	5.85750396927876e-08	NA
145750	5.84674646146099e-08	NA
144400	5.83321396422118e-08	NA
276700	5.56140625402402e-08	NA
144010	5.07892373885742e-08	HYPERCHOLESTEROLEMIA, FAMILIAL, 2
144300	5.05476800589114e-08	NA
605019	4.95262743027381e-08	NA
263800	4.48926196980043e-08	NA
601198	4.44909898364956e-08	NA
207750	4.42369557755677e-08	NA
613347	4.25124303140901e-08	NA
208300	4.10244673908258e-08	NA
277460	3.89112957366235e-08	NA
219080	3.82511559317632e-08	NA
610475	3.82511559317632e-08	NA
610489	3.82511559317632e-08	NA
608320	3.38881666626476e-08	NA
144600	3.2842165723793e-08	NA
143880	3.15820791321739e-08	NA
239199	3.01287806286038e-08	NA
615026	2.91264536261491e-08	NA
260450	2.89918023103229e-08	NA
306000	2.73562548008242e-08	NA
611718	2.63749771960899e-08	NA
606824	2.54076800274046e-08	NA
615812	2.21941508932098e-08	NA
232900	2.21241557526108e-08	NA
154020	2.06913991089392e-08	NA
152200	1.64183804069311e-08	NA
606528	1.63723514804779e-08	NA
209300	1.63387079834089e-08	NA
232220	1.48741312176541e-08	NA
615947	1.42219204077882e-08	NA
174050	1.2053570546726e-08	NA
614025	1.19439972042361e-08	NA
615361	1.15496995882928e-08	NA
232240	1.05213423172132e-08	NA
232200	9.65746575628513e-09	NA
613886	8.08926829247037e-09	NA
205400	6.77735480341311e-09	NA
602722	6.63854526284453e-09	NA
305700	5.60580801154131e-09	NA
240150	5.55844334899159e-09	NA
245900	4.08938900735688e-09	NA
607616	2.92274790713564e-09	NA
200100	2.02718431764097e-09	NA
615558	2.02718431764097e-09	NA
source	0	NA
target	0	NA
