DiseaseID	Score
143890	3.62032955588631e-05
601410	2.42435024489968e-05
601665	2.39747676212809e-05
222100	2.38072425069571e-05
603813	1.33678447511868e-05
613375	1.31186991039528e-05
151660	1.28129126295588e-05
614736	1.25978757477109e-05
615703	1.25766911045062e-05
608594	1.24386301500193e-05
610947	1.24278790642077e-05
269700	1.24100055980692e-05
603776	1.23789667237078e-05
615158	1.22541604736483e-05
219090	1.2223227858197e-05
615474	1.21759707118266e-05
614190	1.21201855293295e-05
167800	1.20627493162954e-05
602014	1.20502416924721e-05
616192	1.2037197685268e-05
602522	1.20260320441669e-05
605814	1.19871220027058e-05
125853	1.19730858954708e-05
144250	6.93991853198448e-06
238600	6.23203072005513e-06
125852	1.50845157575425e-06
616214	1.39888627200582e-06
240900	1.17118398368148e-06
614028	1.1655992377572e-06
602247	1.13395801241157e-06
144650	1.04289098665311e-06
602025	9.84348863310834e-07
144300	9.80517863470216e-07
107741	9.72796370136145e-07
613677	9.70362331233325e-07
615457	9.69388766073093e-07
144400	9.54377327637554e-07
190430	9.51567867172749e-07
203800	9.28065671668083e-07
612520	8.90871317650561e-07
144010	8.77571154509148e-07
616511	8.67357550107793e-07
304900	8.53887078723638e-07
136120	8.32540762337324e-07
207750	7.99605022859466e-07
605019	7.97730691869843e-07
616329	7.91440405161054e-07
612780	7.7489954202989e-07
147630	7.58687114387269e-07
108725	7.5297506591624e-07
262190	7.45954048876584e-07
601666	7.2715414322945e-07
240600	7.16010482014219e-07
277460	7.09622440637272e-07
613877	7.02691722342405e-07
145750	6.79700938577264e-07
608600	6.67353680883279e-07
215720	6.51722959211949e-07
615954	6.44876953860648e-07
612526	6.37012208791826e-07
604367	6.31280025170102e-07
223500	6.26926036525292e-07
608320	6.24953551987957e-07
610374	5.64433615496939e-07
125800	5.61790986110759e-07
246200	5.52166317933703e-07
607364	5.46102742181797e-07
615238	4.99426056362955e-07
306000	4.95182924184764e-07
144600	4.94427897946247e-07
263800	4.88180597270551e-07
615830	4.87665849569818e-07
614496	4.84071425984075e-07
260370	4.70567712116082e-07
614492	4.66131178890844e-07
260350	4.52620628678073e-07
219080	4.51982979326291e-07
610475	4.51982979326291e-07
610489	4.51982979326291e-07
614495	4.50373547585138e-07
601198	4.46040027190747e-07
615962	4.35310284187059e-07
154020	4.19646956452414e-07
611718	4.14234452019775e-07
610600	4.03087178195506e-07
601942	3.92908235987287e-07
601820	3.71792348966424e-07
613090	3.70891079773685e-07
614491	3.69993441046924e-07
615160	3.68775521115686e-07
610508	3.65427896694375e-07
601678	3.6466859306373e-07
608709	3.56894083118893e-07
241200	3.46413664616099e-07
300200	3.42590733932862e-07
125851	3.35286765578227e-07
103900	3.33407205564384e-07
125850	3.3288451039459e-07
606824	2.92264949173914e-07
152200	2.90034327797015e-07
118830	2.80293263174963e-07
615812	2.7505056379345e-07
615947	2.68384323791304e-07
143470	2.60874786210819e-07
606392	2.53624905844163e-07
177200	2.46887043870093e-07
600496	2.37654743372289e-07
613327	2.35557326825786e-07
608189	2.34933520773116e-07
145260	2.33819178522795e-07
191540	2.33554486036964e-07
300539	2.33033973060257e-07
614025	2.32655449202545e-07
143860	2.20333335425496e-07
600089	2.17902547738774e-07
606721	2.1781382290439e-07
612227	2.15212388648613e-07
610582	2.13509288003217e-07
229500	2.07321094369737e-07
613743	2.0114940864808e-07
605115	2.00516136865231e-07
167755	2.0034836799465e-07
613370	1.92996441495131e-07
605911	1.87250231611896e-07
616095	1.82757587425244e-07
612671	1.82463000407188e-07
232220	1.81858872696653e-07
276700	1.81634634245818e-07
126900	1.79672165311181e-07
103230	1.79539723508798e-07
609812	1.79121450312379e-07
612225	1.77362862370504e-07
614662	1.77256089858338e-07
208300	1.76178448356289e-07
613347	1.73753829741406e-07
171200	1.70052346649854e-07
615751	1.67296673169915e-07
167770	1.66889328862236e-07
126150	1.65234241208853e-07
191530	1.64827668106404e-07
614033	1.64004235518122e-07
615026	1.63110708551793e-07
151800	1.62262389715762e-07
606394	1.61929208051345e-07
268040	1.59268466193615e-07
609975	1.54969341707608e-07
260450	1.5337438560566e-07
269200	1.52376962978599e-07
609734	1.49922920888579e-07
229800	1.48504231257719e-07
209300	1.4770300145857e-07
263600	1.38510550371017e-07
609197	1.38397362564925e-07
232200	1.35539620923136e-07
174050	1.33440979112299e-07
613886	1.26036183913651e-07
138900	1.15128154991659e-07
601941	1.00125627248532e-07
177735	9.88935173968881e-08
557000	9.64073371267653e-08
205400	9.62786500375035e-08
240150	9.04310267176945e-08
610021	8.65154149284956e-08
203400	8.3483293707388e-08
256450	8.01917386579869e-08
304800	7.64031431869863e-08
609968	7.4663434534145e-08
241150	7.45263642086514e-08
305700	6.88541426210451e-08
232240	6.80059488807193e-08
264350	6.77586827394922e-08
615961	6.73524145679851e-08
245900	6.35828228838326e-08
251120	6.08935641204693e-08
218030	5.74809752096084e-08
610199	5.4306278107357e-08
207780	5.25608908442821e-08
109160	5.24706480447931e-08
129840	5.23946221071916e-08
138040	5.2090950261975e-08
615517	4.74710033489732e-08
602485	4.71379395427542e-08
239350	4.62450585749442e-08
240200	4.60990764181496e-08
109600	4.54101554830056e-08
607616	4.44953986131466e-08
214700	4.31503426333853e-08
179820	4.12616592528685e-08
615361	4.11893378983897e-08
606528	4.10198890192273e-08
602475	3.83688334357804e-08
240300	3.80392313924203e-08
601223	3.76900229805388e-08
194470	3.69171446722485e-08
606762	3.53945834802265e-08
600955	3.32260374453827e-08
200100	3.20947182225756e-08
615558	3.20947182225756e-08
210740	3.12395755437474e-08
249599	3.12395755437474e-08
600952	2.9118034043528e-08
166700	2.88967171465184e-08
209010	2.88967171465184e-08
241080	2.88967171465184e-08
560000	2.88967171465184e-08
168820	2.6917486682435e-08
150170	2.47403471184688e-08
145270	2.46548146570725e-08
143880	2.43166573600185e-08
177600	2.42323208563805e-08
239199	2.25868502506228e-08
124060	1.97028027405503e-08
602722	1.89048231938978e-08
132810	1.74000543562762e-08
232900	1.62791583036527e-08
600166	1.55529295735429e-08
240800	1.22247259786996e-08
212067	1.07154412458504e-08
source	0
target	0
