DiseaseID	Score	DiseaseName
143890	2.11861449034714e-05	HYPERCHOLESTEROLEMIA, FAMILIAL, 1
601410	1.52909510324679e-05	TYPE 1 DIABETES MELLITUS 2
601665	1.39478362799267e-05	NA
222100	1.35688240916545e-05	TYPE 1 DIABETES MELLITUS
613375	7.67765078446359e-06	MATURITY-ONSET DIABETES OF THE YOUNG, TYPE 11
603813	7.59618602385045e-06	HYPERCHOLESTEROLEMIA, FAMILIAL, 4
608594	7.39808822727729e-06	NA
610947	7.38083677463514e-06	NA
603776	7.32583005704466e-06	HYPERCHOLESTEROLEMIA, FAMILIAL, 3
614736	7.25156766552862e-06	NA
151660	7.21801086510345e-06	NA
602014	7.14953678840299e-06	NA
615703	7.10719201670448e-06	NA
615474	7.10238852803791e-06	NA
219090	7.04309489032614e-06	NA
602522	6.9994017562488e-06	NA
615158	6.97494160054342e-06	NA
269700	6.97197827831201e-06	NA
614190	6.9256848206032e-06	NA
616192	6.92373928172272e-06	NA
605814	6.64388190345734e-06	NA
125853	6.60779667270531e-06	TYPE 2 DIABETES MELLITUS
167800	6.54356141799362e-06	NA
144250	3.85471886783393e-06	NA
238600	3.4419400689484e-06	NA
125852	8.8014712510137e-07	NA
616214	8.21524114634391e-07	NA
240900	6.80472740007004e-07	NA
614028	6.65750946897135e-07	NA
602247	6.560130829285e-07	NA
144650	5.90608130240144e-07	NA
602025	5.72946201288954e-07	NA
144300	5.69611856021394e-07	NA
615457	5.64243452084101e-07	NA
107741	5.61729909825136e-07	NA
613677	5.56720799496089e-07	NA
144400	5.56331573345412e-07	NA
190430	5.53976895517121e-07	NA
612520	5.33223408397914e-07	NA
203800	5.32618627080256e-07	NA
144010	5.08309222199441e-07	HYPERCHOLESTEROLEMIA, FAMILIAL, 2
616511	5.01290791460591e-07	MATURITY-ONSET DIABETES OF THE YOUNG, TYPE 14
304900	4.90698597689973e-07	NA
136120	4.82039766418648e-07	NA
207750	4.61207051500635e-07	NA
616329	4.58145399926534e-07	NA
612780	4.55373251859768e-07	NA
605019	4.51677938089739e-07	NA
262190	4.46853698414352e-07	NA
601666	4.35849510784231e-07	NA
108725	4.35821683918382e-07	NA
147630	4.29135389338464e-07	NA
277460	4.12676255999467e-07	NA
240600	4.09515027086639e-07	NA
613877	4.02441808542786e-07	NA
145750	3.90395557915256e-07	NA
615954	3.88238276230732e-07	NA
608600	3.82894111014486e-07	NA
223500	3.77664246644449e-07	NA
215720	3.68348880060423e-07	NA
612526	3.65590602153338e-07	NA
608320	3.6272282447998e-07	NA
604367	3.62334078377059e-07	NA
610374	3.38036261706533e-07	NA
125800	3.20391285427543e-07	DIABETES INSIPIDUS, NEUROHYPOPHYSEAL, X-LINKED
607364	3.18528422883318e-07	NA
246200	3.17716224302421e-07	NA
263800	2.88671317502082e-07	NA
615238	2.87890873695229e-07	NA
144600	2.85178383858677e-07	NA
260370	2.82854340606176e-07	NA
615830	2.80856493848812e-07	NA
614496	2.78706672833839e-07	NA
306000	2.75185062664927e-07	NA
614492	2.68344736087238e-07	NA
601198	2.64277857104525e-07	NA
219080	2.60302532333155e-07	NA
610475	2.60302532333155e-07	NA
610489	2.60302532333155e-07	NA
614495	2.59176067880226e-07	NA
615962	2.52033639670407e-07	NA
154020	2.48930810007266e-07	NA
611718	2.45587806785041e-07	NA
260350	2.44465780516141e-07	NA
601942	2.43251935314668e-07	NA
610600	2.3486954535838e-07	NA
613090	2.1554965659856e-07	NA
601820	2.15506814340187e-07	NA
300200	2.14107822757091e-07	NA
614491	2.13690643957632e-07	NA
601678	2.12488704723661e-07	NA
615160	2.11729541816995e-07	NA
610508	2.07750378620515e-07	MATURITY-ONSET DIABETES OF THE YOUNG, TYPE 7
241200	2.01952661830924e-07	NA
608709	2.01215353390153e-07	NA
125851	1.90559573458858e-07	MATURITY-ONSET DIABETES OF THE YOUNG, TYPE 2
125850	1.89181454725932e-07	MATURITY-ONSET DIABETES OF THE YOUNG
103900	1.87841909638623e-07	NA
152200	1.68294348203248e-07	NA
606824	1.67487474556323e-07	NA
615812	1.57493436811628e-07	NA
118830	1.54502864997881e-07	NA
143470	1.52036314315186e-07	NA
615947	1.50926796462364e-07	NA
177200	1.43368065978359e-07	NA
606392	1.43018507855394e-07	MATURITY-ONSET DIABETES OF THE YOUNG, TYPE 4
613327	1.38748607841959e-07	NA
191540	1.36943421292211e-07	NA
300539	1.35911232150417e-07	NA
145260	1.35678724542201e-07	NA
600496	1.33615572690821e-07	MATURITY-ONSET DIABETES OF THE YOUNG, TYPE 3
614025	1.31603910326235e-07	NA
608189	1.2912191722411e-07	NA
606721	1.2376853056372e-07	NA
143860	1.22837309403662e-07	NA
600089	1.22192327654797e-07	NA
612227	1.20124388633269e-07	NA
610582	1.19627025611799e-07	NA
229500	1.18781593760126e-07	NA
605115	1.16516762754785e-07	NA
613743	1.162621623605e-07	NA
613370	1.12237444371447e-07	MATURITY-ONSET DIABETES OF THE YOUNG, TYPE 10
167755	1.10898491538647e-07	NA
612671	1.07891576835327e-07	NA
616095	1.04077663385949e-07	NA
614662	1.04025967393175e-07	NA
103230	1.03355540935611e-07	NA
612225	1.03063652475446e-07	MATURITY-ONSET DIABETES OF THE YOUNG, TYPE 9
232220	1.0229321945194e-07	NA
605911	1.00772436974468e-07	NA
126900	9.98757838228485e-08	NA
609812	9.80601400775904e-08	MATURITY-ONSET DIABETES OF THE YOUNG, TYPE 8
126150	9.7473545619188e-08	NA
191530	9.73315108640663e-08	NA
171200	9.72603484685748e-08	NA
276700	9.68230020314144e-08	NA
208300	9.65254196098728e-08	NA
615751	9.5710123582938e-08	NA
613347	9.45572440948238e-08	NA
606394	9.42367277567175e-08	MATURITY-ONSET DIABETES OF THE YOUNG, TYPE 6
614033	9.39773940086197e-08	NA
615026	9.31779338227806e-08	NA
151800	9.16233728981543e-08	NA
167770	9.09949857713387e-08	NA
268040	9.02374721350829e-08	NA
609975	8.9143594967729e-08	NA
609734	8.75412182978991e-08	NA
229800	8.49131667776764e-08	NA
269200	8.42218923923473e-08	NA
260450	8.32460280874094e-08	NA
209300	8.01480469792605e-08	NA
609197	7.92472281910728e-08	NA
263600	7.90963963022692e-08	NA
232200	7.56355096603634e-08	NA
613886	7.3365706910688e-08	NA
174050	7.24914350798396e-08	NA
138900	6.25005514718354e-08	NA
601941	5.83631703931424e-08	NA
177735	5.67859715024801e-08	NA
205400	5.55240911813781e-08	NA
557000	5.40498665666468e-08	NA
240150	4.98400106937106e-08	NA
610021	4.95803160833115e-08	NA
203400	4.87993917102543e-08	NA
256450	4.66832428091471e-08	NA
304800	4.39018988272874e-08	DIABETES INSIPIDUS, NEPHROGENIC, 1, X-LINKED
241150	4.34502214671401e-08	NA
609968	4.31654498514877e-08	NA
305700	4.00435320415489e-08	NA
615961	3.97920795570282e-08	NA
264350	3.91165806713765e-08	NA
232240	3.87569180770221e-08	NA
245900	3.65906033028609e-08	NA
251120	3.45479944658528e-08	NA
218030	3.31923626325659e-08	NA
610199	3.21393076289421e-08	NA
207780	3.07395259834173e-08	NA
129840	3.03120262435663e-08	NA
109160	3.01781968103529e-08	NA
138040	3.01072809101588e-08	NA
602485	2.74832048074842e-08	NA
615517	2.74595457616634e-08	NA
239350	2.68180491929856e-08	NA
240200	2.6588578724404e-08	NA
109600	2.62070429308983e-08	NA
607616	2.54641086416538e-08	NA
214700	2.4908687153428e-08	NA
615361	2.42484126854263e-08	NA
606528	2.37585475193587e-08	NA
179820	2.37238497236494e-08	NA
602475	2.24317004255419e-08	NA
240300	2.21764424528773e-08	NA
601223	2.19546295346542e-08	NA
194470	2.14492467708463e-08	NA
606762	2.04660963670941e-08	NA
600955	1.99347486016848e-08	NA
210740	1.85114855712111e-08	NA
249599	1.85114855712111e-08	NA
200100	1.82509484059404e-08	NA
615558	1.82509484059404e-08	NA
166700	1.71232286790428e-08	NA
209010	1.71232286790428e-08	NA
241080	1.71232286790428e-08	NA
560000	1.71232286790428e-08	NA
600952	1.67635141339604e-08	NA
168820	1.56900561456593e-08	NA
150170	1.43241987309688e-08	NA
145270	1.43219047347576e-08	NA
177600	1.40678021373154e-08	NA
143880	1.3960553588374e-08	NA
239199	1.31256084217933e-08	NA
124060	1.1450159866493e-08	NA
602722	1.08312444573106e-08	NA
132810	9.92987497667942e-09	NA
232900	9.3660480365872e-09	NA
600166	9.04887558319114e-09	NA
240800	7.06170129023502e-09	NA
212067	6.13722558156044e-09	NA
source	0	NA
target	0	NA
