DiseaseID	Score	DiseaseName
143890	2.10653033407143e-05	HYPERCHOLESTEROLEMIA, FAMILIAL, 1
601410	1.41730508041453e-05	TYPE 1 DIABETES MELLITUS 2
601665	1.39816727805026e-05	NA
222100	1.3763047916336e-05	TYPE 1 DIABETES MELLITUS
219090	7.77335496902984e-06	NA
603813	7.74573119392514e-06	HYPERCHOLESTEROLEMIA, FAMILIAL, 4
613375	7.61760165478543e-06	MATURITY-ONSET DIABETES OF THE YOUNG, TYPE 11
608594	7.54942258172184e-06	NA
615474	7.48460027921237e-06	NA
151660	7.34905487153378e-06	NA
269700	7.30236938647554e-06	NA
610947	7.28152679935391e-06	NA
602522	7.18475398592386e-06	NA
605814	7.11250756389322e-06	NA
614736	7.10983924518095e-06	NA
615703	7.09897328305923e-06	NA
616192	7.06606613971723e-06	NA
615158	7.01074038838699e-06	NA
614190	6.97841489421691e-06	NA
603776	6.86852297572699e-06	HYPERCHOLESTEROLEMIA, FAMILIAL, 3
602014	6.85373448128631e-06	NA
125853	6.56413654683054e-06	TYPE 2 DIABETES MELLITUS
167800	6.51061948420706e-06	NA
144250	3.92188595757734e-06	NA
238600	3.51093008998163e-06	NA
125852	8.71629789479177e-07	NA
616214	8.10022290078971e-07	NA
240900	6.79154865967756e-07	NA
614028	6.75648770506149e-07	NA
602247	6.52453444798501e-07	NA
144650	6.0234082352372e-07	NA
602025	5.73497569734017e-07	NA
613677	5.68814857671716e-07	NA
615457	5.64794183886803e-07	NA
144300	5.64592974201566e-07	NA
107741	5.61641935328291e-07	NA
203800	5.55019343209638e-07	NA
190430	5.54506996893693e-07	NA
144400	5.50292123531693e-07	NA
612520	5.20397499670816e-07	NA
144010	5.08185736419849e-07	HYPERCHOLESTEROLEMIA, FAMILIAL, 2
616511	5.03268172711209e-07	MATURITY-ONSET DIABETES OF THE YOUNG, TYPE 14
304900	4.99139040033855e-07	NA
136120	4.8182957821416e-07	NA
605019	4.61502383782895e-07	NA
207750	4.61225727729119e-07	NA
616329	4.60330657490834e-07	NA
612780	4.50303966908074e-07	NA
262190	4.40856680008002e-07	NA
147630	4.31974947930622e-07	NA
108725	4.30319802221002e-07	NA
601666	4.24551138239818e-07	NA
240600	4.13532693769921e-07	NA
277460	4.12361898258144e-07	NA
613877	4.1172701500108e-07	NA
608600	3.92653891510016e-07	NA
145750	3.922499097602e-07	NA
615954	3.90967570106698e-07	NA
215720	3.80026937247676e-07	NA
612526	3.75485936954861e-07	NA
604367	3.72376134374371e-07	NA
223500	3.67090618100912e-07	NA
608320	3.57451352287862e-07	NA
607364	3.27427362305066e-07	NA
246200	3.26345077441488e-07	NA
125800	3.24948454340515e-07	DIABETES INSIPIDUS, NEUROHYPOPHYSEAL, X-LINKED
610374	3.23122027653163e-07	NA
615830	2.97802603878619e-07	NA
615238	2.9226557114532e-07	NA
306000	2.90498697075566e-07	NA
614496	2.86128688728373e-07	NA
144600	2.85911432809457e-07	NA
263800	2.79308826069407e-07	NA
219080	2.76921035550759e-07	NA
610475	2.76921035550759e-07	NA
610489	2.76921035550759e-07	NA
614492	2.75177292584522e-07	NA
615962	2.70826799366004e-07	NA
260370	2.68445784677632e-07	NA
614495	2.65597835008472e-07	NA
601198	2.54479566911093e-07	NA
260350	2.45886282541642e-07	NA
610600	2.39056625935089e-07	NA
154020	2.38763874641155e-07	NA
611718	2.35825247575336e-07	NA
601942	2.2880432046845e-07	NA
613090	2.20502762301292e-07	NA
614491	2.20260531442255e-07	NA
601678	2.16461534844919e-07	NA
601820	2.12418808911084e-07	NA
615160	2.10397514050938e-07	NA
608709	2.08136951552547e-07	NA
610508	2.06231132281409e-07	MATURITY-ONSET DIABETES OF THE YOUNG, TYPE 7
241200	2.05700523090743e-07	NA
300200	2.00362453803035e-07	NA
125851	1.88971845068638e-07	MATURITY-ONSET DIABETES OF THE YOUNG, TYPE 2
103900	1.88587520320608e-07	NA
125850	1.87594941951244e-07	MATURITY-ONSET DIABETES OF THE YOUNG
152200	1.67644331092123e-07	NA
606824	1.65919995290875e-07	NA
615812	1.57907089108588e-07	NA
118830	1.54905969968968e-07	NA
615947	1.52024222552293e-07	NA
177200	1.49570645141299e-07	NA
143470	1.47100013576719e-07	NA
613327	1.41653093777868e-07	NA
145260	1.41613071674656e-07	NA
606392	1.41576666246709e-07	MATURITY-ONSET DIABETES OF THE YOUNG, TYPE 4
300539	1.41255923154727e-07	NA
191540	1.36597452181193e-07	NA
614025	1.33609543186801e-07	NA
600496	1.32245054500621e-07	MATURITY-ONSET DIABETES OF THE YOUNG, TYPE 3
608189	1.28194031916802e-07	NA
606721	1.25728628833166e-07	NA
143860	1.23269063501384e-07	NA
605115	1.21829444097437e-07	NA
600089	1.20931755593403e-07	NA
612227	1.19087351586302e-07	NA
229500	1.18939049002342e-07	NA
610582	1.18564389591443e-07	NA
613743	1.16488060665933e-07	NA
613370	1.11217876860007e-07	MATURITY-ONSET DIABETES OF THE YOUNG, TYPE 10
167755	1.09944535459172e-07	NA
612671	1.06407944899838e-07	NA
616095	1.05027108973744e-07	NA
232220	1.03932217074777e-07	NA
103230	1.03398048257534e-07	NA
614662	1.03039231239681e-07	NA
612225	1.02253945089279e-07	MATURITY-ONSET DIABETES OF THE YOUNG, TYPE 9
605911	1.00381584379448e-07	NA
126900	9.94305753505698e-08	NA
276700	9.8923740663797e-08	NA
171200	9.76490236703541e-08	NA
609812	9.76271167281876e-08	MATURITY-ONSET DIABETES OF THE YOUNG, TYPE 8
208300	9.62161946142368e-08	NA
615751	9.6050796436218e-08	NA
613347	9.42080425761014e-08	NA
614033	9.38977226948715e-08	NA
615026	9.34815162584147e-08	NA
151800	9.32640523182014e-08	NA
606394	9.32624126333447e-08	MATURITY-ONSET DIABETES OF THE YOUNG, TYPE 6
126150	9.19082877245479e-08	NA
191530	9.17724826218352e-08	NA
268040	9.07266254407152e-08	NA
167770	9.06362768327132e-08	NA
609975	8.8565588613135e-08	NA
609734	8.70493021464781e-08	NA
229800	8.48720591668865e-08	NA
269200	8.35443064272954e-08	NA
260450	8.28808321880465e-08	NA
209300	7.97965092110251e-08	NA
609197	7.92202526090898e-08	NA
263600	7.9118038181568e-08	NA
232200	7.67377171855234e-08	NA
613886	7.34364912267358e-08	NA
174050	7.21567108380025e-08	NA
138900	6.28032526523483e-08	NA
177735	5.78325767472035e-08	NA
601941	5.75990922897425e-08	NA
205400	5.56040595375373e-08	NA
557000	5.37142400828745e-08	NA
240150	5.08438062261918e-08	NA
610021	4.9114535664635e-08	NA
203400	4.89754040147594e-08	NA
256450	4.61175475847789e-08	NA
304800	4.45325864365619e-08	DIABETES INSIPIDUS, NEPHROGENIC, 1, X-LINKED
241150	4.34277004875976e-08	NA
609968	4.28263032809053e-08	NA
305700	4.00282663305087e-08	NA
264350	3.99145542191799e-08	NA
615961	3.91198257110786e-08	NA
232240	3.88553789982328e-08	NA
245900	3.67522571589014e-08	NA
251120	3.51807450723676e-08	NA
218030	3.4098033077344e-08	NA
610199	3.15731394291187e-08	NA
138040	3.14542335121705e-08	NA
207780	3.07882951084933e-08	NA
129840	3.02200141580483e-08	NA
109160	2.99638173152749e-08	NA
615517	2.7770653171218e-08	NA
240200	2.73154249702135e-08	NA
602485	2.71234767203075e-08	NA
239350	2.68765529235017e-08	NA
109600	2.57986567407502e-08	NA
607616	2.57465515426793e-08	NA
214700	2.54488570926504e-08	NA
615361	2.38358989050252e-08	NA
606528	2.35160920498538e-08	NA
179820	2.34474804460024e-08	NA
602475	2.22800223789603e-08	NA
240300	2.18147478694319e-08	NA
601223	2.14141022665038e-08	NA
194470	2.09065704872202e-08	NA
606762	2.03120472177676e-08	NA
600955	1.92862208755507e-08	NA
200100	1.85691528834552e-08	NA
615558	1.85691528834552e-08	NA
210740	1.81644158772243e-08	NA
249599	1.81644158772243e-08	NA
166700	1.68021894738901e-08	NA
209010	1.68021894738901e-08	NA
241080	1.68021894738901e-08	NA
560000	1.68021894738901e-08	NA
600952	1.67231330222086e-08	NA
168820	1.51917881966599e-08	NA
150170	1.42886808592475e-08	NA
143880	1.41740297424814e-08	NA
145270	1.39428927043384e-08	NA
177600	1.38104747172886e-08	NA
239199	1.32770119676665e-08	NA
124060	1.10846149937058e-08	NA
602722	1.07981295004942e-08	NA
132810	9.84984721640554e-09	NA
232900	9.33564810627612e-09	NA
600166	8.81475338085356e-09	NA
240800	6.99946950206426e-09	NA
212067	6.13970287374572e-09	NA
source	0	NA
target	0	NA
