DiseaseID	Score	DiseaseName
143890	2.13541376581983e-05	HYPERCHOLESTEROLEMIA, FAMILIAL, 1
601410	1.55667481598307e-05	TYPE 1 DIABETES MELLITUS 2
601665	1.40845193577543e-05	NA
222100	1.39497030391699e-05	TYPE 1 DIABETES MELLITUS
613375	7.79881155811926e-06	MATURITY-ONSET DIABETES OF THE YOUNG, TYPE 11
151660	7.59175953593927e-06	NA
603813	7.45460071553346e-06	HYPERCHOLESTEROLEMIA, FAMILIAL, 4
602522	7.36525762603412e-06	NA
615703	7.34657761679432e-06	NA
603776	7.27401372821881e-06	HYPERCHOLESTEROLEMIA, FAMILIAL, 3
616192	7.21821944434398e-06	NA
614736	7.20772865285711e-06	NA
615474	7.1979051775221e-06	NA
614190	7.14013389233759e-06	NA
608594	7.06351895478239e-06	NA
269700	7.04364070359233e-06	NA
610947	7.02796786880156e-06	NA
602014	7.00308735372028e-06	NA
605814	6.96084351849596e-06	NA
219090	6.84199153789304e-06	NA
615158	6.69357176108756e-06	NA
125853	6.66690656103768e-06	TYPE 2 DIABETES MELLITUS
167800	6.62070770478e-06	NA
144250	4.06273649665193e-06	NA
238600	3.64540444478162e-06	NA
125852	9.0215352088153e-07	NA
616214	8.31352316680931e-07	NA
240900	6.85972475300848e-07	NA
614028	6.73839695579308e-07	NA
602247	6.62844948406639e-07	NA
144650	6.05175192398086e-07	NA
602025	5.79024072918405e-07	NA
144300	5.73431268109741e-07	NA
613677	5.70459437670901e-07	NA
615457	5.70235744040972e-07	NA
107741	5.68583339568165e-07	NA
190430	5.59799373929737e-07	NA
144400	5.57738744434267e-07	NA
612520	5.40957895442547e-07	NA
203800	5.31738502077548e-07	NA
144010	5.12737345794045e-07	HYPERCHOLESTEROLEMIA, FAMILIAL, 2
304900	5.07737009504954e-07	NA
616511	5.07561977532555e-07	MATURITY-ONSET DIABETES OF THE YOUNG, TYPE 14
136120	4.89156594948336e-07	NA
207750	4.69906543153942e-07	NA
616329	4.66540071861293e-07	NA
605019	4.62090855908145e-07	NA
612780	4.60125867103139e-07	NA
601666	4.4793589194256e-07	NA
262190	4.47105054797521e-07	NA
147630	4.39423190459365e-07	NA
108725	4.36624925681339e-07	NA
240600	4.15595132098804e-07	NA
277460	4.1472641938066e-07	NA
613877	4.05098448246046e-07	NA
145750	3.91784768711365e-07	NA
223500	3.88725041395597e-07	NA
615954	3.87879853058477e-07	NA
608600	3.8431593400222e-07	NA
215720	3.78357241576052e-07	NA
612526	3.66527381548585e-07	NA
604367	3.63109109014861e-07	NA
608320	3.59431744751502e-07	NA
610374	3.42768084800774e-07	NA
607364	3.29488541877036e-07	NA
125800	3.29464257708495e-07	DIABETES INSIPIDUS, NEUROHYPOPHYSEAL, X-LINKED
246200	3.1805935871594e-07	NA
615238	2.89337168136414e-07	NA
306000	2.87849255350155e-07	NA
260370	2.87467830920967e-07	NA
263800	2.85027927826379e-07	NA
144600	2.82708616724311e-07	NA
614496	2.80569678060225e-07	NA
615830	2.79612450529588e-07	NA
614492	2.70472243124546e-07	NA
614495	2.60892064329724e-07	NA
601198	2.60017514416053e-07	NA
219080	2.58802875090848e-07	NA
610475	2.58802875090848e-07	NA
610489	2.58802875090848e-07	NA
615962	2.499339604575e-07	NA
260350	2.48710232756405e-07	NA
601942	2.47631124380742e-07	NA
610600	2.44357038937546e-07	NA
154020	2.43948546192808e-07	NA
611718	2.40845355439528e-07	NA
613090	2.25195334274872e-07	NA
601678	2.21376554116843e-07	NA
300200	2.18279569316172e-07	NA
614491	2.18242664076254e-07	NA
601820	2.16572557159607e-07	NA
241200	2.10527095733128e-07	NA
610508	2.10027173993433e-07	MATURITY-ONSET DIABETES OF THE YOUNG, TYPE 7
615160	2.08597070712948e-07	NA
608709	2.06095716608738e-07	NA
125851	1.92518354417579e-07	MATURITY-ONSET DIABETES OF THE YOUNG, TYPE 2
103900	1.91590713659519e-07	NA
125850	1.91324282826789e-07	MATURITY-ONSET DIABETES OF THE YOUNG
152200	1.66160736553296e-07	NA
606824	1.64418796977006e-07	NA
615812	1.6065514846797e-07	NA
118830	1.5865145535268e-07	NA
615947	1.56806483176001e-07	NA
143470	1.52407950487516e-07	NA
177200	1.4558372928316e-07	NA
606392	1.44500923045222e-07	MATURITY-ONSET DIABETES OF THE YOUNG, TYPE 4
300539	1.37874907217874e-07	NA
145260	1.37586914035845e-07	NA
600496	1.35229314459907e-07	MATURITY-ONSET DIABETES OF THE YOUNG, TYPE 3
613327	1.34363043840106e-07	NA
614025	1.32961342172881e-07	NA
191540	1.32572629763505e-07	NA
608189	1.30855930260172e-07	NA
606721	1.28064263053753e-07	NA
143860	1.24725737345708e-07	NA
600089	1.23619497303346e-07	NA
612227	1.2160806579505e-07	NA
610582	1.20771278777393e-07	NA
613743	1.19647810293236e-07	NA
605115	1.18260670561932e-07	NA
229500	1.16803734495413e-07	NA
613370	1.13743578610058e-07	MATURITY-ONSET DIABETES OF THE YOUNG, TYPE 10
167755	1.12457178447668e-07	NA
103230	1.063222906935e-07	NA
232220	1.05796411480769e-07	NA
614662	1.05359458321473e-07	NA
612225	1.04561585081468e-07	MATURITY-ONSET DIABETES OF THE YOUNG, TYPE 9
612671	1.0329687724271e-07	NA
616095	1.02344339233991e-07	NA
605911	1.02154259944175e-07	NA
126900	1.00849103634293e-07	NA
171200	1.00010918207807e-07	NA
276700	9.95428989889045e-08	NA
609812	9.93795670984665e-08	MATURITY-ONSET DIABETES OF THE YOUNG, TYPE 8
208300	9.78532293995466e-08	NA
126150	9.69394933096587e-08	NA
191530	9.66657417738937e-08	NA
613347	9.57882362682912e-08	NA
151800	9.57382718628967e-08	NA
606394	9.562900800549e-08	MATURITY-ONSET DIABETES OF THE YOUNG, TYPE 6
615751	9.34116308112487e-08	NA
268040	9.26569621352602e-08	NA
167770	9.22326296997382e-08	NA
614033	9.19635684738393e-08	NA
615026	9.07117367547035e-08	NA
609734	8.87149590623341e-08	NA
609975	8.65722786833227e-08	NA
269200	8.5412991390305e-08	NA
260450	8.4267583639269e-08	NA
229800	8.27735401647181e-08	NA
209300	8.1128846603039e-08	NA
232200	7.90068926780452e-08	NA
609197	7.69442212126096e-08	NA
263600	7.67117910214632e-08	NA
613886	7.41415645060254e-08	NA
174050	7.34198686882429e-08	NA
138900	6.31716638153398e-08	NA
601941	5.93868079004655e-08	NA
177735	5.79636502408266e-08	NA
205400	5.61130197773839e-08	NA
557000	5.53236348848345e-08	NA
240150	5.26961223923116e-08	NA
610021	5.01323987276079e-08	NA
203400	5.00557477945662e-08	NA
256450	4.71164113156504e-08	NA
304800	4.53142208611334e-08	DIABETES INSIPIDUS, NEPHROGENIC, 1, X-LINKED
241150	4.41488604815201e-08	NA
609968	4.348773105932e-08	NA
615961	4.05167268668994e-08	NA
305700	4.04214455051226e-08	NA
264350	4.00216341981037e-08	NA
232240	3.93618111359062e-08	NA
245900	3.70573537146437e-08	NA
251120	3.49596024394542e-08	NA
218030	3.38219858786044e-08	NA
610199	3.27658910655276e-08	NA
207780	3.11396047022991e-08	NA
129840	3.1038599649596e-08	NA
138040	3.02677374533392e-08	NA
109160	3.01465341984186e-08	NA
602485	2.7853581555083e-08	NA
615517	2.76439576873094e-08	NA
239350	2.73863854960289e-08	NA
240200	2.69030552925797e-08	NA
109600	2.63689630462574e-08	NA
607616	2.59027155256933e-08	NA
214700	2.56072542013382e-08	NA
615361	2.43375419835095e-08	NA
179820	2.40830553112133e-08	NA
606528	2.36694219638902e-08	NA
602475	2.28364067805584e-08	NA
240300	2.26332814981234e-08	NA
601223	2.18580986970852e-08	NA
194470	2.14171178653152e-08	NA
606762	2.03586812488343e-08	NA
600955	2.02167476325497e-08	NA
210740	1.89281051678887e-08	NA
249599	1.89281051678887e-08	NA
200100	1.85900221388461e-08	NA
615558	1.85900221388461e-08	NA
166700	1.75086016398386e-08	NA
209010	1.75086016398386e-08	NA
241080	1.75086016398386e-08	NA
560000	1.75086016398386e-08	NA
600952	1.69568169805444e-08	NA
168820	1.55771209249507e-08	NA
143880	1.44105978020643e-08	NA
145270	1.42212609756857e-08	NA
150170	1.40863798112293e-08	NA
177600	1.39575168288268e-08	NA
239199	1.35242367937967e-08	NA
124060	1.14523227008082e-08	NA
602722	1.07376904998639e-08	NA
132810	9.93497459989203e-09	NA
232900	9.19898115062274e-09	NA
600166	9.16023228517797e-09	NA
240800	7.01936135137289e-09	NA
212067	5.99288222026464e-09	NA
source	0	NA
target	0	NA
