DiseaseID	Score	DiseaseName
125853	0.00169070129863509	TYPE 2 DIABETES MELLITUS
125852	2.62855070819511e-05	NA
600496	2.48441692212493e-05	MATURITY-ONSET DIABETES OF THE YOUNG, TYPE 3
610374	2.44101634778003e-05	NA
610508	2.41403568518103e-05	MATURITY-ONSET DIABETES OF THE YOUNG, TYPE 7
606392	2.40215975532831e-05	MATURITY-ONSET DIABETES OF THE YOUNG, TYPE 4
125851	2.34864869973593e-05	MATURITY-ONSET DIABETES OF THE YOUNG, TYPE 2
125850	2.33764341507162e-05	MATURITY-ONSET DIABETES OF THE YOUNG
610582	2.30937997907532e-05	NA
600089	2.22778519671965e-05	NA
126900	2.18831862323765e-05	NA
103900	2.14133874286399e-05	NA
143860	2.13706399122968e-05	NA
143890	2.13532502053288e-05	HYPERCHOLESTEROLEMIA, FAMILIAL, 1
601410	1.42375133345816e-05	TYPE 1 DIABETES MELLITUS 2
601665	1.39307077246299e-05	NA
222100	1.38123260996283e-05	TYPE 1 DIABETES MELLITUS
605911	1.05886594596664e-05	NA
613375	9.07787323909748e-06	MATURITY-ONSET DIABETES OF THE YOUNG, TYPE 11
614190	8.03450558632129e-06	NA
151660	7.86293810499775e-06	NA
603813	7.66512298431832e-06	HYPERCHOLESTEROLEMIA, FAMILIAL, 4
610947	7.41752177270696e-06	NA
269700	7.24604839985841e-06	NA
614736	7.23588413895677e-06	NA
616192	7.21269586330615e-06	NA
608594	7.17046731682618e-06	NA
615474	7.16915891961638e-06	NA
615158	7.13824416668263e-06	NA
603776	7.08096483766695e-06	HYPERCHOLESTEROLEMIA, FAMILIAL, 3
615703	7.07540499292963e-06	NA
602522	6.93272014540299e-06	NA
602014	6.82874432105766e-06	NA
219090	6.81384199743125e-06	NA
167800	6.78552952477105e-06	NA
605814	6.68453144843243e-06	NA
144250	4.11296860668564e-06	NA
238600	3.68770943633014e-06	NA
612520	2.59992572162696e-06	NA
612225	2.57756491930452e-06	MATURITY-ONSET DIABETES OF THE YOUNG, TYPE 9
613370	2.5475141898475e-06	MATURITY-ONSET DIABETES OF THE YOUNG, TYPE 10
606394	2.38138651029104e-06	MATURITY-ONSET DIABETES OF THE YOUNG, TYPE 6
608600	2.25098401253018e-06	NA
601941	2.23473512686627e-06	NA
616511	2.09843977180912e-06	MATURITY-ONSET DIABETES OF THE YOUNG, TYPE 14
601666	2.02938976205917e-06	NA
147630	1.99283990278754e-06	NA
616329	1.95355558882148e-06	NA
229800	1.94033542972151e-06	NA
177735	1.72298122834443e-06	NA
179820	1.7172783024192e-06	NA
612227	1.69518570574552e-06	NA
614033	1.64247229671085e-06	NA
601942	1.60846650753527e-06	NA
613677	1.49014651271939e-06	NA
616214	1.45334383393901e-06	NA
263600	1.41785724853892e-06	NA
171200	1.41596163534738e-06	NA
229500	1.27053710567599e-06	NA
125800	1.16347580031246e-06	DIABETES INSIPIDUS, NEUROHYPOPHYSEAL, X-LINKED
610600	1.11819798764476e-06	NA
177200	1.1061413916024e-06	NA
215720	1.09246020339198e-06	NA
167755	1.08921651466899e-06	NA
145260	1.03914573754368e-06	NA
260370	1.00095675566497e-06	NA
610021	9.71387180187199e-07	NA
605115	9.69316033689988e-07	NA
129840	9.69201333735348e-07	NA
600166	9.63313410248125e-07	NA
103230	9.57914420362e-07	NA
203400	9.3505562605191e-07	NA
194470	9.23846210056407e-07	NA
614662	8.99673135915232e-07	NA
609968	8.93655693269001e-07	NA
126150	8.87404928147575e-07	NA
264350	8.80550052815844e-07	NA
304800	8.72308871240729e-07	DIABETES INSIPIDUS, NEPHROGENIC, 1, X-LINKED
214700	8.59693358018751e-07	NA
132810	8.55469822081081e-07	NA
109600	8.3305499174597e-07	NA
240600	8.18279643272034e-07	NA
109160	8.01657228756182e-07	NA
107741	7.71675131871268e-07	NA
240900	7.37115825537871e-07	NA
609197	7.37042531646431e-07	NA
268040	7.31759646097394e-07	NA
602247	7.0918774193765e-07	NA
614028	6.82422511409045e-07	NA
144650	6.04694869228764e-07	NA
145270	6.04039539804892e-07	NA
203800	5.89812323694516e-07	NA
602025	5.87806199700406e-07	NA
609812	5.85983321396357e-07	MATURITY-ONSET DIABETES OF THE YOUNG, TYPE 8
191530	5.79933043821494e-07	NA
615457	5.78724788137733e-07	NA
223500	5.77276938021436e-07	NA
144300	5.7546311418805e-07	NA
190430	5.68042257672589e-07	NA
144400	5.67827371102428e-07	NA
304900	5.64857277967412e-07	NA
601223	5.62261921149918e-07	NA
168820	5.55516419725022e-07	NA
143470	5.33621498383668e-07	NA
177600	5.23124998449463e-07	NA
144010	5.22964605103569e-07	HYPERCHOLESTEROLEMIA, FAMILIAL, 2
136120	5.06076859966238e-07	NA
108725	4.94052281916593e-07	NA
602485	4.89501135189676e-07	NA
612780	4.88859371103319e-07	NA
262190	4.87926923256736e-07	NA
124060	4.87510898530879e-07	NA
613877	4.87052202480617e-07	NA
207750	4.76062839311795e-07	NA
605019	4.5971244510992e-07	NA
604367	4.39272658915476e-07	NA
612526	4.27756201483424e-07	NA
277460	4.19665408690652e-07	NA
615954	4.117216075077e-07	NA
145750	4.09912183893004e-07	NA
614492	4.07392156620417e-07	NA
614496	4.06944109885669e-07	NA
607364	4.00393259353442e-07	NA
615160	3.98922639168446e-07	NA
260350	3.91136480903502e-07	NA
615961	3.87253929910374e-07	NA
600952	3.80308660938803e-07	NA
557000	3.78971541474682e-07	NA
608320	3.62859133120273e-07	NA
614491	3.59715703157456e-07	NA
614495	3.56648511558711e-07	NA
246200	3.51289322305767e-07	NA
601820	3.44780561685221e-07	NA
269200	3.44676017181144e-07	NA
601678	3.38438670106897e-07	NA
615238	3.36186454144849e-07	NA
150170	3.35008673326159e-07	NA
610199	3.31085620341376e-07	NA
615830	3.24959815903796e-07	NA
241200	3.14299188200858e-07	NA
615962	3.05198005265575e-07	NA
263800	2.98774250325105e-07	NA
144600	2.9792432630867e-07	NA
609975	2.96837323198146e-07	NA
306000	2.83079429799217e-07	NA
300200	2.81764838667971e-07	NA
210740	2.76826925323936e-07	NA
249599	2.76826925323936e-07	NA
240300	2.76745461294544e-07	NA
602475	2.76367658029934e-07	NA
601198	2.76123281866709e-07	NA
219080	2.72245256951998e-07	NA
610475	2.72245256951998e-07	NA
610489	2.72245256951998e-07	NA
608189	2.71780779857642e-07	NA
207780	2.71120124219792e-07	NA
613090	2.59604701695897e-07	NA
300539	2.59369034330944e-07	NA
166700	2.56064977587142e-07	NA
209010	2.56064977587142e-07	NA
241080	2.56064977587142e-07	NA
560000	2.56064977587142e-07	NA
608709	2.52347563325385e-07	NA
612671	2.43306990421162e-07	NA
611718	2.42220214585635e-07	NA
154020	2.39701847866976e-07	NA
606762	2.30364445090134e-07	NA
118830	2.11779514760088e-07	NA
218030	2.09706751381606e-07	NA
191540	1.91327377561015e-07	NA
613327	1.78559709744059e-07	NA
613743	1.78240127278021e-07	NA
616095	1.78223638866389e-07	NA
606824	1.7586725456244e-07	NA
606721	1.74569736140224e-07	NA
152200	1.73253205494633e-07	NA
615751	1.69499030660943e-07	NA
615812	1.65271609379586e-07	NA
615517	1.61897678855294e-07	NA
151800	1.58370660022823e-07	NA
167770	1.57516164323803e-07	NA
256450	1.56999866244758e-07	NA
615947	1.55486600596865e-07	NA
609734	1.47795725372396e-07	NA
276700	1.42233657708805e-07	NA
614025	1.36178879651771e-07	NA
208300	1.28900738287112e-07	NA
613347	1.28388740432319e-07	NA
138900	1.22105836696716e-07	NA
240200	1.21716753884976e-07	NA
239350	1.16752881382757e-07	NA
241150	1.15888839893232e-07	NA
615026	1.12019667945212e-07	NA
232220	1.11879579645234e-07	NA
260450	1.05169904077723e-07	NA
138040	9.2536464841074e-08	NA
209300	9.035746678932e-08	NA
251120	8.74995699938282e-08	NA
232200	8.26825620621981e-08	NA
174050	7.93042416826321e-08	NA
600955	7.58596650927084e-08	NA
613886	7.52467864295227e-08	NA
240800	6.87869448065744e-08	NA
212067	6.09074833105622e-08	NA
205400	5.7804195902363e-08	NA
240150	5.45537047746915e-08	NA
232240	4.62688745184508e-08	NA
143880	4.2524159562999e-08	NA
305700	4.2145562573215e-08	NA
239199	4.02991328374157e-08	NA
245900	3.76724737018529e-08	NA
606528	3.68594188799161e-08	NA
615361	3.25859118147809e-08	NA
232900	2.94698425392532e-08	NA
607616	2.63160723127044e-08	NA
200100	1.86968002103016e-08	NA
615558	1.86968002103016e-08	NA
602722	1.60934857744602e-08	NA
source	0	NA
target	0	NA
