DiseaseID	Score	DiseaseName
143890	2.10612531160322e-05	HYPERCHOLESTEROLEMIA, FAMILIAL, 1
601410	1.39569917977949e-05	TYPE 1 DIABETES MELLITUS 2
222100	1.35713874666621e-05	TYPE 1 DIABETES MELLITUS
601665	1.31471398077989e-05	NA
613375	8.05297576032887e-06	MATURITY-ONSET DIABETES OF THE YOUNG, TYPE 11
151660	7.74278711222479e-06	NA
603813	7.4978809870449e-06	HYPERCHOLESTEROLEMIA, FAMILIAL, 4
167800	7.28002723120329e-06	NA
610947	7.26329778530697e-06	NA
269700	7.24482853597229e-06	NA
608594	7.18141892181262e-06	NA
615703	7.13614405575743e-06	NA
603776	7.11529853791308e-06	HYPERCHOLESTEROLEMIA, FAMILIAL, 3
614736	7.11005548225743e-06	NA
616192	7.06688614417068e-06	NA
615474	7.03335492810868e-06	NA
602014	7.02222900549521e-06	NA
125853	6.99560987155017e-06	TYPE 2 DIABETES MELLITUS
602522	6.94102239922709e-06	NA
219090	6.83857711568747e-06	NA
614190	6.79454435654078e-06	NA
605814	6.68860399201299e-06	NA
615158	6.59771532950357e-06	NA
144250	3.98126933913278e-06	NA
238600	3.56617261673211e-06	NA
125852	8.71092553080417e-07	NA
616214	7.96607459388309e-07	NA
614028	6.62808602062915e-07	NA
602247	6.54387084646001e-07	NA
240900	6.54006980169239e-07	NA
144650	5.90374990861132e-07	NA
144300	5.65847042756438e-07	NA
107741	5.60621709859064e-07	NA
613677	5.5335928185708e-07	NA
144400	5.50881121900071e-07	NA
602025	5.48457585271212e-07	NA
615457	5.40116542441241e-07	NA
203800	5.35367368459421e-07	NA
190430	5.30094933137474e-07	NA
612520	5.18432042219509e-07	NA
144010	5.0682063486258e-07	HYPERCHOLESTEROLEMIA, FAMILIAL, 2
616511	5.01180600363473e-07	MATURITY-ONSET DIABETES OF THE YOUNG, TYPE 14
304900	4.89064350050781e-07	NA
136120	4.81960500157389e-07	NA
207750	4.63453397155398e-07	NA
616329	4.61195922128921e-07	NA
605019	4.49842742394336e-07	NA
612780	4.49196389713096e-07	NA
147630	4.38493870546853e-07	NA
108725	4.33308917351448e-07	NA
262190	4.31402491120316e-07	NA
601666	4.22438310466215e-07	NA
277460	4.10251446594687e-07	NA
613877	4.09647474070058e-07	NA
240600	4.04525646837558e-07	NA
145750	3.94444287047229e-07	NA
608600	3.91213629466097e-07	NA
612526	3.73427834041882e-07	NA
215720	3.71038824114095e-07	NA
604367	3.69815713930269e-07	NA
615954	3.6626870349935e-07	NA
223500	3.64300232513314e-07	NA
608320	3.58116272304541e-07	NA
610374	3.26369284085646e-07	NA
246200	3.23391606337228e-07	NA
125800	3.20486661906596e-07	DIABETES INSIPIDUS, NEUROHYPOPHYSEAL, X-LINKED
607364	3.14963421905759e-07	NA
615238	2.91052462823871e-07	NA
144600	2.84261006292373e-07	NA
263800	2.83959370031253e-07	NA
306000	2.78064092991711e-07	NA
260370	2.7429491695808e-07	NA
615830	2.73667420913313e-07	NA
614496	2.72331722554137e-07	NA
614492	2.62261212069604e-07	NA
601198	2.59730335956545e-07	NA
219080	2.5328050399632e-07	NA
610475	2.5328050399632e-07	NA
610489	2.5328050399632e-07	NA
614495	2.53132690167397e-07	NA
260350	2.49054338022226e-07	NA
615962	2.469826004261e-07	NA
154020	2.44512614128109e-07	NA
611718	2.41193423193582e-07	NA
610600	2.32303579887393e-07	NA
601942	2.2642513608337e-07	NA
601820	2.16107356042067e-07	NA
610508	2.15933264928229e-07	MATURITY-ONSET DIABETES OF THE YOUNG, TYPE 7
613090	2.13579350050808e-07	NA
608709	2.11075774170183e-07	NA
614491	2.10668760680264e-07	NA
601678	2.1050812919331e-07	NA
615160	2.05407036983332e-07	NA
241200	2.00062317839895e-07	NA
125851	1.98628695324844e-07	MATURITY-ONSET DIABETES OF THE YOUNG, TYPE 2
125850	1.97289229509626e-07	MATURITY-ONSET DIABETES OF THE YOUNG
300200	1.97030033431893e-07	NA
103900	1.90915198572562e-07	NA
152200	1.68164194350266e-07	NA
118830	1.65360014352997e-07	NA
606824	1.62103056942995e-07	NA
615812	1.55513396208997e-07	NA
615947	1.529874324039e-07	NA
143470	1.49780253287107e-07	NA
606392	1.47508764468762e-07	MATURITY-ONSET DIABETES OF THE YOUNG, TYPE 4
177200	1.42031464176324e-07	NA
608189	1.40186265831925e-07	NA
600496	1.38850147425841e-07	MATURITY-ONSET DIABETES OF THE YOUNG, TYPE 3
613327	1.36456355011193e-07	NA
191540	1.35491245587562e-07	NA
300539	1.34528256684391e-07	NA
145260	1.34328150760207e-07	NA
614025	1.32303780189244e-07	NA
606721	1.29644246135658e-07	NA
143860	1.27779070490292e-07	NA
612227	1.276053151898e-07	NA
600089	1.27134871223563e-07	NA
610582	1.24834936946911e-07	NA
167755	1.19492125670384e-07	NA
613370	1.15894417372905e-07	MATURITY-ONSET DIABETES OF THE YOUNG, TYPE 10
605115	1.15670390766286e-07	NA
229500	1.14306875481664e-07	NA
613743	1.13646289102097e-07	NA
609812	1.07475479391075e-07	MATURITY-ONSET DIABETES OF THE YOUNG, TYPE 8
612225	1.07063638255349e-07	MATURITY-ONSET DIABETES OF THE YOUNG, TYPE 9
614662	1.06352295375618e-07	NA
612671	1.06121846591913e-07	NA
208300	1.05060237940548e-07	NA
126900	1.04923047794883e-07	NA
232220	1.04178094659416e-07	NA
613347	1.03992557444718e-07	NA
605911	1.02049995870395e-07	NA
103230	1.01087325147707e-07	NA
616095	1.00580035985184e-07	NA
167770	1.00184712894113e-07	NA
606394	9.79153680644681e-08	MATURITY-ONSET DIABETES OF THE YOUNG, TYPE 6
151800	9.7453380077522e-08	NA
171200	9.59993365884798e-08	NA
276700	9.52928129277031e-08	NA
126150	9.52749020002381e-08	NA
191530	9.4963746853237e-08	NA
260450	9.20003710934478e-08	NA
615751	9.18373528058294e-08	NA
269200	9.12220103629435e-08	NA
268040	9.07683909906285e-08	NA
614033	9.07236916899754e-08	NA
609734	9.06103460496953e-08	NA
615026	8.91798164095755e-08	NA
209300	8.8597741495111e-08	NA
609975	8.5429488455922e-08	NA
229800	8.1699911273953e-08	NA
174050	8.03892661020835e-08	NA
232200	7.74605209444576e-08	NA
263600	7.57390439747497e-08	NA
609197	7.55963032423e-08	NA
613886	7.0219271710697e-08	NA
138900	6.03730196256083e-08	NA
601941	5.79817272247349e-08	NA
177735	5.65093531394776e-08	NA
205400	5.53018457569402e-08	NA
557000	5.33618791518971e-08	NA
240150	5.148818528878e-08	NA
610021	5.02546219908e-08	NA
203400	4.79911053110238e-08	NA
256450	4.58055233845568e-08	NA
304800	4.38767650471107e-08	DIABETES INSIPIDUS, NEPHROGENIC, 1, X-LINKED
241150	4.30098464561339e-08	NA
609968	4.26625598486472e-08	NA
615961	3.89120739913248e-08	NA
232240	3.87743526616748e-08	NA
264350	3.87624902706355e-08	NA
305700	3.84034134963418e-08	NA
245900	3.64414692865091e-08	NA
251120	3.43073317221889e-08	NA
218030	3.27846321600143e-08	NA
610199	3.14636415440148e-08	NA
207780	3.06143461073213e-08	NA
129840	3.02933579672946e-08	NA
109160	2.99836462406496e-08	NA
138040	2.95692516042353e-08	NA
615517	2.69359021944824e-08	NA
602485	2.69180930015656e-08	NA
239350	2.66312623454058e-08	NA
109600	2.60928040508442e-08	NA
240200	2.6091699522428e-08	NA
607616	2.54239837097591e-08	NA
214700	2.48664170755774e-08	NA
179820	2.42323412695759e-08	NA
615361	2.38955433074915e-08	NA
606528	2.31512529955187e-08	NA
602475	2.22415838356898e-08	NA
240300	2.22280389845645e-08	NA
601223	2.19113155889464e-08	NA
194470	2.15524519762728e-08	NA
606762	1.99809511909545e-08	NA
600955	1.92923078242465e-08	NA
200100	1.82080164618355e-08	NA
615558	1.82080164618355e-08	NA
210740	1.81132036393641e-08	NA
249599	1.81132036393641e-08	NA
166700	1.67548180368677e-08	NA
209010	1.67548180368677e-08	NA
241080	1.67548180368677e-08	NA
560000	1.67548180368677e-08	NA
600952	1.65920441188258e-08	NA
168820	1.55572630605718e-08	NA
145270	1.42592899436639e-08	NA
150170	1.41985786646817e-08	NA
177600	1.40674242976755e-08	NA
143880	1.39214999136739e-08	NA
239199	1.29746184899646e-08	NA
124060	1.14228628575003e-08	NA
602722	1.05535454399862e-08	NA
132810	1.00353403301259e-08	NA
232900	9.22553397094509e-09	NA
600166	9.0631303072567e-09	NA
240800	6.89683573210756e-09	NA
212067	5.87749430316415e-09	NA
source	0	NA
target	0	NA
