DiseaseID	Score	DiseaseName
143890	2.17171384664231e-05	HYPERCHOLESTEROLEMIA, FAMILIAL, 1
601410	1.409434271563e-05	TYPE 1 DIABETES MELLITUS 2
601665	1.35540835787122e-05	NA
222100	1.35220999567304e-05	TYPE 1 DIABETES MELLITUS
613375	8.49333411624485e-06	MATURITY-ONSET DIABETES OF THE YOUNG, TYPE 11
603813	7.46453264466426e-06	HYPERCHOLESTEROLEMIA, FAMILIAL, 4
151660	7.4186339414233e-06	NA
219090	7.25621332561568e-06	NA
610947	7.2099319913815e-06	NA
616192	7.19645981164757e-06	NA
615474	7.1707491988646e-06	NA
269700	7.16812523784694e-06	NA
614736	7.12284622143865e-06	NA
615158	7.0485378239351e-06	NA
608594	6.98131081765881e-06	NA
614190	6.95858363960293e-06	NA
615703	6.95299986467443e-06	NA
603776	6.94949339799142e-06	HYPERCHOLESTEROLEMIA, FAMILIAL, 3
125853	6.89296377037764e-06	TYPE 2 DIABETES MELLITUS
602522	6.73141102575168e-06	NA
167800	6.69506957172836e-06	NA
605814	6.62613312031291e-06	NA
602014	6.53459987302617e-06	NA
144250	4.03521994575574e-06	NA
238600	3.61289926543817e-06	NA
125852	8.74303534363964e-07	NA
616214	8.03447981531533e-07	NA
240900	6.72938484302564e-07	NA
602247	6.64130327291245e-07	NA
614028	6.5680275532954e-07	NA
144650	5.85760435488002e-07	NA
144300	5.74544233039299e-07	NA
107741	5.69600034613122e-07	NA
602025	5.66962178320812e-07	NA
144400	5.58893622502673e-07	NA
615457	5.58352001280473e-07	NA
613677	5.56020370510925e-07	NA
190430	5.48202743958522e-07	NA
203800	5.33547075177971e-07	NA
612520	5.2294281450601e-07	NA
144010	5.18053400084165e-07	HYPERCHOLESTEROLEMIA, FAMILIAL, 2
616511	5.13722185175874e-07	MATURITY-ONSET DIABETES OF THE YOUNG, TYPE 14
136120	4.93194443529731e-07	NA
304900	4.82309394675409e-07	NA
207750	4.74488039985568e-07	NA
616329	4.70173534088742e-07	NA
605019	4.43584074664286e-07	NA
147630	4.29910705956655e-07	NA
108725	4.29880548344285e-07	NA
262190	4.29198727161857e-07	NA
601666	4.27392389858716e-07	NA
612780	4.27218807849618e-07	NA
277460	4.19696390132819e-07	NA
240600	4.08097278698722e-07	NA
613877	3.99801040013773e-07	NA
145750	3.91675102994321e-07	NA
608600	3.82281977285901e-07	NA
615954	3.7825754527679e-07	NA
215720	3.72992251000628e-07	NA
223500	3.69335815214125e-07	NA
612526	3.64887583881509e-07	NA
604367	3.61454223663913e-07	NA
608320	3.53281820592272e-07	NA
610374	3.27864746335381e-07	NA
125800	3.1902153021779e-07	DIABETES INSIPIDUS, NEUROHYPOPHYSEAL, X-LINKED
246200	3.16178723978023e-07	NA
607364	3.10857583977823e-07	NA
615830	2.85777857081697e-07	NA
144600	2.84656407647112e-07	NA
615238	2.82191209214467e-07	NA
614496	2.80738387484333e-07	NA
306000	2.77044100745435e-07	NA
614492	2.70143961529091e-07	NA
260370	2.69654946379156e-07	NA
263800	2.66362636465056e-07	NA
219080	2.64976897062671e-07	NA
610475	2.64976897062671e-07	NA
610489	2.64976897062671e-07	NA
614495	2.61112742200229e-07	NA
615962	2.57039030983701e-07	NA
260350	2.43468885161587e-07	NA
601198	2.42476327759233e-07	NA
601942	2.28331831434147e-07	NA
154020	2.27647259740138e-07	NA
610600	2.2668995123892e-07	NA
611718	2.24907768820356e-07	NA
601820	2.20129610563218e-07	NA
610508	2.19109616916995e-07	MATURITY-ONSET DIABETES OF THE YOUNG, TYPE 7
614491	2.14761002204104e-07	NA
615160	2.10617384109128e-07	NA
613090	2.0834302491669e-07	NA
608709	2.0611501806333e-07	NA
601678	2.03931432017908e-07	NA
125851	2.01686913776785e-07	MATURITY-ONSET DIABETES OF THE YOUNG, TYPE 2
125850	2.00255770849064e-07	MATURITY-ONSET DIABETES OF THE YOUNG
300200	1.98759168929719e-07	NA
241200	1.93526055566523e-07	NA
103900	1.91857102145259e-07	NA
152200	1.67883581787722e-07	NA
606824	1.66388702356666e-07	NA
118830	1.59179189949457e-07	NA
615812	1.55601514650176e-07	NA
615947	1.52077656769849e-07	NA
143470	1.47694984289895e-07	NA
606392	1.47059861444014e-07	MATURITY-ONSET DIABETES OF THE YOUNG, TYPE 4
177200	1.44278270216837e-07	NA
600496	1.37834636567134e-07	MATURITY-ONSET DIABETES OF THE YOUNG, TYPE 3
145260	1.3682348160933e-07	NA
300539	1.35381750132764e-07	NA
191540	1.34948918727478e-07	NA
614025	1.32901793372944e-07	NA
613327	1.32751054368363e-07	NA
608189	1.31199668805023e-07	NA
143860	1.26453077758677e-07	NA
606721	1.2614915881875e-07	NA
600089	1.25480566180071e-07	NA
610582	1.23967374185587e-07	NA
612227	1.21585945776695e-07	NA
613370	1.19992632231595e-07	MATURITY-ONSET DIABETES OF THE YOUNG, TYPE 10
229500	1.19366975106232e-07	NA
605115	1.17631539725846e-07	NA
613743	1.15021305289858e-07	NA
167755	1.12528419857865e-07	NA
612225	1.11083024373745e-07	MATURITY-ONSET DIABETES OF THE YOUNG, TYPE 9
614662	1.10225678576972e-07	NA
612671	1.05534393593378e-07	NA
232220	1.0526490084437e-07	NA
616095	1.04909269512935e-07	NA
126900	1.03466377783756e-07	NA
103230	1.03167799680515e-07	NA
605911	1.01840207822766e-07	NA
606394	1.01690534052174e-07	MATURITY-ONSET DIABETES OF THE YOUNG, TYPE 6
609812	1.0042483536086e-07	MATURITY-ONSET DIABETES OF THE YOUNG, TYPE 8
208300	9.85475735739987e-08	NA
171200	9.78753204044016e-08	NA
613347	9.64529966347612e-08	NA
276700	9.6251232504143e-08	NA
615751	9.62414017882211e-08	NA
614033	9.49863418679978e-08	NA
609734	9.42666189124827e-08	NA
151800	9.3746505461127e-08	NA
615026	9.35250710440983e-08	NA
126150	9.34850345478511e-08	NA
191530	9.31091883666502e-08	NA
167770	9.29570487475545e-08	NA
268040	8.89205960630679e-08	NA
609975	8.80652613785167e-08	NA
229800	8.58898676902085e-08	NA
269200	8.5481516557196e-08	NA
260450	8.50132723772498e-08	NA
209300	8.18428479109507e-08	NA
263600	7.99410552637211e-08	NA
609197	7.9724895485438e-08	NA
232200	7.84098279920708e-08	NA
174050	7.41857646360784e-08	NA
613886	7.26001073801802e-08	NA
138900	6.13466716845719e-08	NA
601941	5.83049880035916e-08	NA
177735	5.67652842678745e-08	NA
205400	5.57665827846591e-08	NA
557000	5.33242257039717e-08	NA
240150	5.21541196586834e-08	NA
610021	5.00583970466141e-08	NA
203400	4.76715327512978e-08	NA
256450	4.64058852443635e-08	NA
609968	4.33244846361693e-08	NA
304800	4.32197175461435e-08	DIABETES INSIPIDUS, NEPHROGENIC, 1, X-LINKED
241150	4.15825039576661e-08	NA
305700	3.96136512718883e-08	NA
615961	3.93653078007964e-08	NA
232240	3.9358112331107e-08	NA
264350	3.88314767103543e-08	NA
245900	3.66743636465103e-08	NA
251120	3.4768659087568e-08	NA
218030	3.31504238328194e-08	NA
610199	3.18564058787345e-08	NA
138040	3.04307381426645e-08	NA
207780	3.04307253185322e-08	NA
129840	3.03601747002829e-08	NA
109160	3.0231857851217e-08	NA
615517	2.73951006681713e-08	NA
602485	2.71773009349247e-08	NA
240200	2.67267882941528e-08	NA
109600	2.62323963716356e-08	NA
239350	2.58915681670656e-08	NA
607616	2.54966279419578e-08	NA
214700	2.46056548759035e-08	NA
179820	2.44118411407923e-08	NA
606528	2.36410539407677e-08	NA
615361	2.26533548107033e-08	NA
602475	2.25411688742182e-08	NA
601223	2.20501523057823e-08	NA
240300	2.20091122031134e-08	NA
194470	2.15705873572644e-08	NA
606762	2.02721328882948e-08	NA
600955	1.96167015309671e-08	NA
210740	1.82488825869874e-08	NA
249599	1.82488825869874e-08	NA
200100	1.80546916248176e-08	NA
615558	1.80546916248176e-08	NA
600952	1.68860060403535e-08	NA
166700	1.68803210209291e-08	NA
209010	1.68803210209291e-08	NA
241080	1.68803210209291e-08	NA
560000	1.68803210209291e-08	NA
168820	1.53985316408986e-08	NA
150170	1.43539268253704e-08	NA
177600	1.42211875865352e-08	NA
145270	1.41517401296269e-08	NA
143880	1.37433134066291e-08	NA
239199	1.27021557377562e-08	NA
124060	1.13870485867045e-08	NA
602722	1.07742105738657e-08	NA
132810	1.01701449185964e-08	NA
232900	9.25811470356801e-09	NA
600166	9.11592803576985e-09	NA
240800	7.0190007788447e-09	NA
212067	6.17120591396486e-09	NA
source	0	NA
target	0	NA
