DiseaseID	Score	DiseaseName
143890	0.00187636585403729	HYPERCHOLESTEROLEMIA, FAMILIAL, 1
614190	0.00186723534489471	NA
603813	4.21719011014329e-05	HYPERCHOLESTEROLEMIA, FAMILIAL, 4
144250	3.6667914752836e-05	NA
602247	3.33594385026767e-05	NA
144010	3.2810880193732e-05	HYPERCHOLESTEROLEMIA, FAMILIAL, 2
136120	3.27350570482765e-05	NA
144400	3.15974528086522e-05	NA
107741	3.14140355284747e-05	NA
144300	3.13908252430443e-05	NA
207750	3.02842262644634e-05	NA
277460	2.93326713737735e-05	NA
615830	2.58533561207728e-05	NA
613677	2.53624085164486e-05	NA
219080	2.53330565367672e-05	NA
610475	2.53330565367672e-05	NA
610489	2.53330565367672e-05	NA
614496	2.41710191205529e-05	NA
614492	2.41675112906401e-05	NA
614491	2.40516383434444e-05	NA
614495	2.37678305889968e-05	NA
103230	2.37572325258445e-05	NA
103900	2.34658373687069e-05	NA
613743	2.30117828439491e-05	NA
171200	2.16421639617355e-05	NA
601410	1.43870645168898e-05	TYPE 1 DIABETES MELLITUS 2
222100	1.36270376244457e-05	TYPE 1 DIABETES MELLITUS
601665	1.33356920812599e-05	NA
219090	1.1876662204861e-05	NA
615474	9.68414247866596e-06	NA
603776	9.49747982235231e-06	HYPERCHOLESTEROLEMIA, FAMILIAL, 3
615158	8.76072177216271e-06	NA
615703	8.67013343796458e-06	NA
610947	7.97944169219421e-06	NA
151660	7.86885986688386e-06	NA
613375	7.82143678808361e-06	MATURITY-ONSET DIABETES OF THE YOUNG, TYPE 11
125853	7.57134606344681e-06	TYPE 2 DIABETES MELLITUS
269700	7.11241513548029e-06	NA
608594	7.11160462147092e-06	NA
167800	7.09851520175946e-06	NA
614736	7.04039183287618e-06	NA
616192	6.93160442545685e-06	NA
605814	6.81446871387207e-06	NA
602522	6.75179962192458e-06	NA
602014	6.64779774900512e-06	NA
238600	6.51473525989419e-06	NA
614028	5.88906902927811e-06	NA
144650	5.18402711319042e-06	NA
108725	5.12612638485955e-06	NA
615954	5.1078342102913e-06	NA
145750	5.10740254752329e-06	NA
144600	4.11048307950542e-06	NA
145260	3.62768067841495e-06	NA
177200	3.15016325983784e-06	NA
177735	2.81032226406291e-06	NA
613090	2.78491603189244e-06	NA
300200	2.61380135304958e-06	NA
205400	2.28395993830912e-06	NA
607364	2.24558542278606e-06	NA
612780	2.14732580158694e-06	NA
240200	2.13351640215081e-06	NA
615517	1.98987208606738e-06	NA
610600	1.94070452622738e-06	NA
615812	1.88253821038836e-06	NA
614025	1.77482518515932e-06	NA
125852	1.75294781480931e-06	NA
143470	1.71235850824798e-06	NA
606721	1.68063567514462e-06	NA
264350	1.67019727695226e-06	NA
616329	1.66477784781365e-06	NA
232220	1.65731600774008e-06	NA
616511	1.62877585034126e-06	MATURITY-ONSET DIABETES OF THE YOUNG, TYPE 14
118830	1.6015789986346e-06	NA
147630	1.58752147893e-06	NA
608320	1.58723087362804e-06	NA
138040	1.5570335907359e-06	NA
605115	1.52832286301812e-06	NA
218030	1.52059186815915e-06	NA
610374	1.51526310809381e-06	NA
232240	1.50682584287245e-06	NA
125850	1.42009580455776e-06	MATURITY-ONSET DIABETES OF THE YOUNG
610508	1.40289965843142e-06	MATURITY-ONSET DIABETES OF THE YOUNG, TYPE 7
245900	1.39045760106061e-06	NA
109160	1.38631084379384e-06	NA
109600	1.38011569845328e-06	NA
606392	1.31927115904305e-06	MATURITY-ONSET DIABETES OF THE YOUNG, TYPE 4
615160	1.3082436794951e-06	NA
615962	1.26102365526107e-06	NA
615947	1.18311750351618e-06	NA
612526	1.15263858498246e-06	NA
608600	1.12971267713233e-06	NA
616214	1.11796605516427e-06	NA
306000	1.05821381550818e-06	NA
605019	1.03592436070841e-06	NA
232200	1.02388339882324e-06	NA
304900	1.01855556809592e-06	NA
208300	8.7247494747103e-07	NA
300539	8.51177162000092e-07	NA
152200	8.42207291459368e-07	NA
601678	8.29663344231746e-07	NA
607616	7.58508563239587e-07	NA
203800	7.07902004237606e-07	NA
240900	6.68801785973962e-07	NA
612520	6.34444036233529e-07	NA
602025	6.31973880918624e-07	NA
615457	6.22695325934043e-07	NA
190430	5.4162108714506e-07	NA
601666	5.09517110174551e-07	NA
203400	5.0669029666382e-07	NA
604367	4.98534124586837e-07	NA
613877	4.87845380318673e-07	NA
240600	4.59420232638238e-07	NA
262190	4.44709750739741e-07	NA
241200	4.41076163906586e-07	NA
125800	4.33569580834751e-07	DIABETES INSIPIDUS, NEUROHYPOPHYSEAL, X-LINKED
263800	4.13604864436461e-07	NA
125851	4.02158455983788e-07	MATURITY-ONSET DIABETES OF THE YOUNG, TYPE 2
215720	3.77053925486319e-07	NA
223500	3.75793117233985e-07	NA
191540	3.69082740699926e-07	NA
615238	3.4671716134845e-07	NA
214700	3.45865712542499e-07	NA
601198	3.39589366948644e-07	NA
246200	3.30159104497449e-07	NA
601942	3.08409728903548e-07	NA
260350	3.04316820712877e-07	NA
260370	3.01512549064912e-07	NA
143860	2.70874123824905e-07	NA
611718	2.66889425833613e-07	NA
614033	2.53875840960283e-07	NA
276700	2.52571944169502e-07	NA
601820	2.5015245341553e-07	NA
608189	2.4911174008292e-07	NA
600496	2.47225258967337e-07	MATURITY-ONSET DIABETES OF THE YOUNG, TYPE 3
608709	2.46072507401429e-07	NA
154020	2.41109911540664e-07	NA
610582	2.18342224620032e-07	NA
613370	2.13200953192187e-07	MATURITY-ONSET DIABETES OF THE YOUNG, TYPE 10
191530	2.12820981161611e-07	NA
600955	2.09157103369313e-07	NA
151800	2.06021019132162e-07	NA
612225	2.03681818988446e-07	MATURITY-ONSET DIABETES OF THE YOUNG, TYPE 9
612671	2.02820869414696e-07	NA
126150	2.01399144623722e-07	NA
615026	2.00529936620893e-07	NA
612227	2.00278410290309e-07	NA
167770	1.97429977593691e-07	NA
167755	1.96686689313361e-07	NA
241150	1.95177092734064e-07	NA
616095	1.93022799984524e-07	NA
609812	1.92562202226072e-07	MATURITY-ONSET DIABETES OF THE YOUNG, TYPE 8
606394	1.92382326403837e-07	MATURITY-ONSET DIABETES OF THE YOUNG, TYPE 6
600089	1.9186104273247e-07	NA
606824	1.8741021640529e-07	NA
229800	1.78680686858974e-07	NA
229500	1.7543440717951e-07	NA
613327	1.72476204103574e-07	NA
263600	1.68713504169782e-07	NA
124060	1.62777551853658e-07	NA
200100	1.60806896401495e-07	NA
615558	1.60806896401495e-07	NA
615751	1.6046340140704e-07	NA
138900	1.60390683461158e-07	NA
613347	1.5727159625809e-07	NA
304800	1.5665953272896e-07	DIABETES INSIPIDUS, NEPHROGENIC, 1, X-LINKED
614662	1.49284041120424e-07	NA
609197	1.49276794375495e-07	NA
132810	1.46294616684274e-07	NA
150170	1.45676083164975e-07	NA
268040	1.4239033639432e-07	NA
145270	1.3896933845533e-07	NA
601941	1.37531448279436e-07	NA
126900	1.36019211211491e-07	NA
601223	1.34787639764129e-07	NA
194470	1.31220503693253e-07	NA
174050	1.23703071512379e-07	NA
610021	1.23237636557326e-07	NA
609734	1.22134031325671e-07	NA
168820	1.21977310358193e-07	NA
605911	1.1933614440602e-07	NA
609975	1.1195347298426e-07	NA
179820	1.10201220635948e-07	NA
177600	1.04676991322675e-07	NA
269200	9.92141659727911e-08	NA
260450	9.760128944309e-08	NA
240150	9.64143152052216e-08	NA
615361	9.43173287670783e-08	NA
209300	9.21390720965407e-08	NA
609968	8.43015043300489e-08	NA
232900	8.01498363905345e-08	NA
615961	7.83340526929052e-08	NA
613886	7.7466496782705e-08	NA
557000	6.88399505385661e-08	NA
129840	6.79462862800974e-08	NA
256450	6.79161764768858e-08	NA
610199	6.67576098625261e-08	NA
600166	5.61469445445865e-08	NA
602475	5.49283518447054e-08	NA
239350	5.35055981168201e-08	NA
239199	4.41075410327899e-08	NA
602485	4.3357714990346e-08	NA
606528	4.23106623281201e-08	NA
305700	4.19387402054099e-08	NA
251120	4.01205214797287e-08	NA
207780	3.99939964747256e-08	NA
600952	3.83773607522866e-08	NA
606762	3.39923929364949e-08	NA
240300	3.1797173308038e-08	NA
210740	2.79398015322125e-08	NA
249599	2.79398015322125e-08	NA
166700	2.58444443935469e-08	NA
209010	2.58444443935469e-08	NA
241080	2.58444443935469e-08	NA
560000	2.58444443935469e-08	NA
143880	2.31672402729598e-08	NA
602722	1.4142236308164e-08	NA
240800	1.12727798129198e-08	NA
212067	1.04458318032973e-08	NA
source	0	NA
target	0	NA
