DiseaseID	Score	DiseaseName
602522	0.00167676061989941	NA
612780	4.21175536766013e-05	NA
607364	4.20049916473915e-05	NA
613090	4.13116924662682e-05	NA
601678	4.12107125665774e-05	NA
241200	4.05153360579192e-05	NA
610600	4.04504312918366e-05	NA
304900	3.9631545397335e-05	NA
143890	2.12462120958427e-05	HYPERCHOLESTEROLEMIA, FAMILIAL, 1
222100	1.480942500317e-05	TYPE 1 DIABETES MELLITUS
601410	1.41879722316592e-05	TYPE 1 DIABETES MELLITUS 2
601665	1.39017717288082e-05	NA
615474	8.19645788526567e-06	NA
602014	7.8186666993875e-06	NA
603813	7.58361976651005e-06	HYPERCHOLESTEROLEMIA, FAMILIAL, 4
603776	7.57014865984621e-06	HYPERCHOLESTEROLEMIA, FAMILIAL, 3
613375	7.55231478803073e-06	MATURITY-ONSET DIABETES OF THE YOUNG, TYPE 11
615703	7.23497844178159e-06	NA
615158	7.21312569743973e-06	NA
616192	7.18262874744981e-06	NA
608594	7.1684584002571e-06	NA
614190	7.13743487006561e-06	NA
219090	7.13332595010735e-06	NA
269700	7.10756962931899e-06	NA
610947	7.07582147692442e-06	NA
151660	7.01040845276135e-06	NA
614736	6.96069485999785e-06	NA
167800	6.84344427725756e-06	NA
605814	6.7959179228065e-06	NA
125853	6.5898262116014e-06	TYPE 2 DIABETES MELLITUS
613677	6.24048780587413e-06	NA
263800	5.20168522426301e-06	NA
144250	3.96026236447849e-06	NA
601198	3.64455138336055e-06	NA
304800	3.64410024817847e-06	DIABETES INSIPIDUS, NEPHROGENIC, 1, X-LINKED
238600	3.54974917473695e-06	NA
241150	3.12193070399564e-06	NA
613743	3.04921583321681e-06	NA
203400	2.93023629179594e-06	NA
300539	2.82009069631752e-06	NA
264350	2.66631894344616e-06	NA
125800	2.57591652528999e-06	DIABETES INSIPIDUS, NEUROHYPOPHYSEAL, X-LINKED
214700	2.38513314661275e-06	NA
614491	2.26811387464318e-06	NA
177735	1.99939285392503e-06	NA
300200	1.88945682919961e-06	NA
239350	1.81465976138077e-06	NA
239199	1.74871073062302e-06	NA
615361	1.7440292553688e-06	NA
614492	1.73389615122486e-06	NA
177200	1.56675555496725e-06	NA
614496	1.23974468072691e-06	NA
611718	1.18507351135454e-06	NA
143860	1.15073978004741e-06	NA
218030	1.05041075859552e-06	NA
143880	9.11884791985963e-07	NA
125852	9.10494126176257e-07	NA
616214	8.44420011429496e-07	NA
240900	6.74809618487039e-07	NA
614028	6.7215817105771e-07	NA
602247	6.62520692016113e-07	NA
144650	6.01836083033116e-07	NA
154020	5.74967699046299e-07	NA
144300	5.74875212235504e-07	NA
602025	5.7008879572124e-07	NA
107741	5.65497423607758e-07	NA
615457	5.6143836530088e-07	NA
144400	5.60549130403793e-07	NA
145260	5.60050625873951e-07	NA
190430	5.51131649497967e-07	NA
203800	5.31763002033139e-07	NA
612520	5.23180732643363e-07	NA
144010	5.10918017019932e-07	HYPERCHOLESTEROLEMIA, FAMILIAL, 2
616511	5.09786070662151e-07	MATURITY-ONSET DIABETES OF THE YOUNG, TYPE 14
614495	5.06712474576076e-07	NA
136120	4.85862085969845e-07	NA
616329	4.75285287717491e-07	NA
207750	4.65549865126466e-07	NA
605019	4.60631255937867e-07	NA
147630	4.59846682720272e-07	NA
601666	4.40073519992915e-07	NA
108725	4.38772900153964e-07	NA
240600	4.38629816046456e-07	NA
262190	4.32713280375891e-07	NA
277460	4.13725636916966e-07	NA
215720	4.02683637733102e-07	NA
613877	4.00212639607213e-07	NA
145750	3.86344061412468e-07	NA
608600	3.79402491307802e-07	NA
615954	3.77403273737419e-07	NA
615962	3.75502794035753e-07	NA
223500	3.70769548560827e-07	NA
103900	3.67934849874872e-07	NA
608320	3.63185429326845e-07	NA
612526	3.62199275964732e-07	NA
605115	3.60104738030033e-07	NA
604367	3.59087137189361e-07	NA
103230	3.31656529920009e-07	NA
610374	3.25150363779824e-07	NA
246200	3.141724200176e-07	NA
129840	2.96179062136184e-07	NA
615830	2.85613719449611e-07	NA
615238	2.83467166889383e-07	NA
144600	2.82906108301509e-07	NA
306000	2.81644505940134e-07	NA
260370	2.73150472500042e-07	NA
240200	2.72703009247594e-07	NA
219080	2.64671897364073e-07	NA
610475	2.64671897364073e-07	NA
610489	2.64671897364073e-07	NA
260350	2.52317759837398e-07	NA
615160	2.35176968060019e-07	NA
601942	2.30918463868294e-07	NA
615517	2.23665976574175e-07	NA
601820	2.23544120090301e-07	NA
610508	2.07571857546601e-07	MATURITY-ONSET DIABETES OF THE YOUNG, TYPE 7
125851	2.01820922701384e-07	MATURITY-ONSET DIABETES OF THE YOUNG, TYPE 2
608709	2.00950148293253e-07	NA
125850	2.00020428579715e-07	MATURITY-ONSET DIABETES OF THE YOUNG
600955	1.86620399890549e-07	NA
606824	1.76176670848964e-07	NA
152200	1.65622711845289e-07	NA
609975	1.62400368077797e-07	NA
118830	1.6004624247435e-07	NA
615812	1.5894503410833e-07	NA
138040	1.57013825607319e-07	NA
143470	1.56760626010885e-07	NA
615947	1.54065478322157e-07	NA
606392	1.43353649217363e-07	MATURITY-ONSET DIABETES OF THE YOUNG, TYPE 4
613327	1.35242484562627e-07	NA
191540	1.34438863383918e-07	NA
608189	1.34299502638731e-07	NA
600496	1.3417750390804e-07	MATURITY-ONSET DIABETES OF THE YOUNG, TYPE 3
614025	1.32654948400003e-07	NA
612227	1.23973872261257e-07	NA
600089	1.2265309871535e-07	NA
229500	1.22603602962668e-07	NA
606721	1.21534463461476e-07	NA
610582	1.20005124040284e-07	NA
167755	1.15107025968981e-07	NA
606528	1.1338954483734e-07	NA
613370	1.12418572501397e-07	MATURITY-ONSET DIABETES OF THE YOUNG, TYPE 10
616095	1.07657176723048e-07	NA
605911	1.06187035526613e-07	NA
191530	1.06029491697194e-07	NA
612671	1.06028902974262e-07	NA
232220	1.04234078181691e-07	NA
612225	1.03086669596443e-07	MATURITY-ONSET DIABETES OF THE YOUNG, TYPE 9
614662	1.02736707371614e-07	NA
609812	1.02320687090127e-07	MATURITY-ONSET DIABETES OF THE YOUNG, TYPE 8
126150	1.02029617224899e-07	NA
615026	1.00834809676879e-07	NA
208300	1.00599837756244e-07	NA
171200	1.00093454766732e-07	NA
126900	9.98321031102109e-08	NA
615751	9.97307679352051e-08	NA
276700	9.97101162189471e-08	NA
613347	9.89356064346999e-08	NA
614033	9.75649954555308e-08	NA
609734	9.5347604560695e-08	NA
167770	9.52082428503297e-08	NA
606394	9.4022008415825e-08	MATURITY-ONSET DIABETES OF THE YOUNG, TYPE 6
268040	9.14945150913888e-08	NA
602722	8.9948418876372e-08	NA
151800	8.97663698490156e-08	NA
229800	8.74522485811689e-08	NA
269200	8.74351704728663e-08	NA
260450	8.69754396092276e-08	NA
209300	8.37418007091064e-08	NA
609197	8.17999198915234e-08	NA
263600	8.16688717615327e-08	NA
232200	7.74640279185637e-08	NA
174050	7.57536227450038e-08	NA
613886	7.29960460431578e-08	NA
601941	6.94062902506562e-08	NA
138900	6.42144875773558e-08	NA
557000	5.66189047637128e-08	NA
205400	5.60247543567446e-08	NA
610021	5.37709104908816e-08	NA
240150	5.13967400782306e-08	NA
256450	4.97724713318554e-08	NA
609968	4.72625954992397e-08	NA
109160	4.34201099014762e-08	NA
251120	4.32337096770441e-08	NA
615961	4.03988128738704e-08	NA
305700	3.97819102850783e-08	NA
232240	3.92292637750101e-08	NA
109600	3.90448685168459e-08	NA
245900	3.69838935732535e-08	NA
610199	3.23444438123571e-08	NA
602485	3.09053333991338e-08	NA
207780	3.07736954223562e-08	NA
601223	2.80400726205976e-08	NA
194470	2.73353969018027e-08	NA
607616	2.57730511708202e-08	NA
179820	2.42498609153866e-08	NA
606762	2.34515690760681e-08	NA
602475	2.28365962598426e-08	NA
240300	2.25552826697858e-08	NA
168820	2.16056598336323e-08	NA
150170	2.05667166828544e-08	NA
177600	1.98609740939281e-08	NA
210740	1.87126120698677e-08	NA
249599	1.87126120698677e-08	NA
200100	1.85145864856728e-08	NA
615558	1.85145864856728e-08	NA
124060	1.80594877452698e-08	NA
166700	1.73092833058602e-08	NA
209010	1.73092833058602e-08	NA
241080	1.73092833058602e-08	NA
560000	1.73092833058602e-08	NA
600952	1.72918934821337e-08	NA
132810	1.6158688969381e-08	NA
145270	1.61264919936298e-08	NA
240800	9.68412259011746e-09	NA
232900	9.60600162254042e-09	NA
600166	8.88330981779989e-09	NA
212067	6.33479574970926e-09	NA
source	0	NA
target	0	NA
