DiseaseID	Score	DiseaseName
143890	0.00187624132326636	HYPERCHOLESTEROLEMIA, FAMILIAL, 1
616192	0.00186242891379132	NA
125852	5.53325152913025e-05	NA
612520	5.09498847180952e-05	NA
601666	5.05933295851192e-05	NA
616511	4.9960070938397e-05	MATURITY-ONSET DIABETES OF THE YOUNG, TYPE 14
616329	4.95512769748296e-05	NA
223500	4.7294167014835e-05	NA
603813	4.21497578428614e-05	HYPERCHOLESTEROLEMIA, FAMILIAL, 4
144250	3.69493253998932e-05	NA
602247	3.33875764589949e-05	NA
144010	3.28225418992503e-05	HYPERCHOLESTEROLEMIA, FAMILIAL, 2
136120	3.27482384738236e-05	NA
107741	3.18020402152006e-05	NA
144400	3.15928387380875e-05	NA
144300	3.13907319926398e-05	NA
207750	3.02897296557146e-05	NA
277460	2.93319237507121e-05	NA
601410	1.91724680369597e-05	TYPE 1 DIABETES MELLITUS 2
222100	1.37085835735898e-05	TYPE 1 DIABETES MELLITUS
601665	1.32430577611736e-05	NA
603776	9.37137958222978e-06	HYPERCHOLESTEROLEMIA, FAMILIAL, 3
613375	8.78457645022566e-06	MATURITY-ONSET DIABETES OF THE YOUNG, TYPE 11
615703	8.40916106755505e-06	NA
614736	8.34213336351373e-06	NA
610947	8.10812035612456e-06	NA
151660	8.04321779189094e-06	NA
615158	7.89443580416541e-06	NA
269700	7.87533959044679e-06	NA
125853	7.81778214792409e-06	TYPE 2 DIABETES MELLITUS
608594	7.81672093888718e-06	NA
219090	7.67196649703761e-06	NA
614190	7.46388690230482e-06	NA
616214	7.21399164263877e-06	NA
615474	7.05349382769137e-06	NA
167800	6.9556468953937e-06	NA
238600	6.7879513340116e-06	NA
602522	6.75241987646984e-06	NA
605814	6.69385564615349e-06	NA
602014	6.6143891778944e-06	NA
614028	5.88878652112574e-06	NA
144650	5.18108697577056e-06	NA
145750	5.12319192121271e-06	NA
108725	5.088358016665e-06	NA
144600	4.12574053012764e-06	NA
601942	3.27055228922206e-06	NA
601941	2.977585727469e-06	NA
615961	2.74102224760281e-06	NA
610374	2.67895318251932e-06	NA
610199	2.62451809236754e-06	NA
205400	2.28382138672152e-06	NA
602475	1.9969590017322e-06	NA
612227	1.95765819045712e-06	NA
613370	1.8967988656656e-06	MATURITY-ONSET DIABETES OF THE YOUNG, TYPE 10
612225	1.8196656704203e-06	MATURITY-ONSET DIABETES OF THE YOUNG, TYPE 9
614025	1.77886643157885e-06	NA
608600	1.71375600223241e-06	NA
269200	1.69881979626864e-06	NA
606721	1.6968950157486e-06	NA
143470	1.68393499114489e-06	NA
232220	1.6607304152094e-06	NA
210740	1.63079194276314e-06	NA
249599	1.63079194276314e-06	NA
118830	1.6209740682874e-06	NA
240300	1.61041170889946e-06	NA
615954	1.59406287362067e-06	NA
606392	1.59265182045963e-06	MATURITY-ONSET DIABETES OF THE YOUNG, TYPE 4
557000	1.57528750803024e-06	NA
613877	1.55731114635733e-06	NA
608320	1.54932646900871e-06	NA
207780	1.53074801447586e-06	NA
610508	1.51308549743568e-06	MATURITY-ONSET DIABETES OF THE YOUNG, TYPE 7
166700	1.50848252462189e-06	NA
209010	1.50848252462189e-06	NA
241080	1.50848252462189e-06	NA
560000	1.50848252462189e-06	NA
232240	1.50774716269632e-06	NA
600496	1.45763713926298e-06	MATURITY-ONSET DIABETES OF THE YOUNG, TYPE 3
615830	1.43477525410282e-06	NA
610582	1.418062738632e-06	NA
245900	1.39056706388237e-06	NA
615962	1.35857891787078e-06	NA
614033	1.34021094388129e-06	NA
147630	1.3217235357404e-06	NA
616095	1.31178093284542e-06	NA
600089	1.2981423310329e-06	NA
614662	1.26642101568105e-06	NA
612526	1.24224510899543e-06	NA
602485	1.16479448841482e-06	NA
615947	1.14984673471128e-06	NA
129840	1.10045735101832e-06	NA
306000	1.09581481015223e-06	NA
604367	1.09482602008004e-06	NA
615812	1.07075575720194e-06	NA
600952	1.02905869673222e-06	NA
232200	1.02752396851992e-06	NA
605019	1.02573523649417e-06	NA
125851	9.76323814534802e-07	MATURITY-ONSET DIABETES OF THE YOUNG, TYPE 2
240600	9.71608775326743e-07	NA
605911	9.51385258512064e-07	NA
125850	8.78875480518496e-07	MATURITY-ONSET DIABETES OF THE YOUNG
208300	8.69384532985954e-07	NA
615160	8.68733669615518e-07	NA
152200	8.46063612303104e-07	NA
615751	8.04598122942158e-07	NA
610021	7.767226283808e-07	NA
607616	7.58710312005815e-07	NA
240900	7.19393161518049e-07	NA
167755	7.05649205338209e-07	NA
229500	6.90227713163285e-07	NA
203800	6.78717118431509e-07	NA
262190	6.42879142396311e-07	NA
613677	6.34039814175221e-07	NA
229800	6.27708486314749e-07	NA
605115	6.11662102725482e-07	NA
602025	6.02584158316171e-07	NA
126900	5.97985522665639e-07	NA
615457	5.93416652331199e-07	NA
190430	5.45675601054202e-07	NA
246200	5.19530435645404e-07	NA
304900	4.91345661595281e-07	NA
260370	4.45190031536812e-07	NA
612780	4.34070878178618e-07	NA
615238	4.1544937491888e-07	NA
215720	3.9764931477324e-07	NA
125800	3.68172269747371e-07	DIABETES INSIPIDUS, NEUROHYPOPHYSEAL, X-LINKED
219080	3.67702022229274e-07	NA
610475	3.67702022229274e-07	NA
610489	3.67702022229274e-07	NA
191540	3.64315906186037e-07	NA
614496	3.52575513285126e-07	NA
601820	3.51850439254953e-07	NA
607364	3.16759665248255e-07	NA
608189	3.13440291209526e-07	NA
260350	3.10630555629623e-07	NA
609812	3.08416505027443e-07	MATURITY-ONSET DIABETES OF THE YOUNG, TYPE 8
606394	3.00210153659052e-07	MATURITY-ONSET DIABETES OF THE YOUNG, TYPE 6
615026	2.96899833399509e-07	NA
276700	2.91139768380445e-07	NA
614492	2.89291940654231e-07	NA
614495	2.88800320586746e-07	NA
608709	2.86769292610403e-07	NA
263800	2.72826703167734e-07	NA
300200	2.64711622833208e-07	NA
601198	2.4594652941927e-07	NA
609968	2.43737718509594e-07	NA
606824	2.43574142710515e-07	NA
610600	2.38579814597329e-07	NA
103900	2.333160847327e-07	NA
611718	2.31485563812475e-07	NA
154020	2.30811486645683e-07	NA
613327	2.27584908471433e-07	NA
614491	2.26416928277601e-07	NA
151800	2.16791548766317e-07	NA
609975	2.14732477241336e-07	NA
609197	2.12568186269268e-07	NA
613090	2.11999100795225e-07	NA
601678	2.10698799487761e-07	NA
167770	2.09693579240013e-07	NA
263600	2.07739648599232e-07	NA
241200	1.99132588891485e-07	NA
171200	1.92525095807589e-07	NA
609734	1.8965665052242e-07	NA
109600	1.82964850172487e-07	NA
191530	1.77372984192831e-07	NA
177200	1.72689409462245e-07	NA
606762	1.65020177624529e-07	NA
126150	1.6376439364901e-07	NA
194470	1.61859286225478e-07	NA
615558	1.60756449135343e-07	NA
200100	1.60756449135343e-07	NA
612671	1.5982455377376e-07	NA
300539	1.57748693150009e-07	NA
179820	1.5764686399632e-07	NA
613347	1.54156228832288e-07	NA
109160	1.49308167333515e-07	NA
268040	1.44267472581048e-07	NA
145260	1.44128196108664e-07	NA
143860	1.43042469922325e-07	NA
601223	1.42270312613816e-07	NA
138900	1.36433438120856e-07	NA
256450	1.29436903679392e-07	NA
613743	1.24929226666531e-07	NA
174050	1.24062404005695e-07	NA
103230	1.20897228650232e-07	NA
240150	1.01297014566473e-07	NA
260450	1.00271429035894e-07	NA
145270	9.51852650959169e-08	NA
177600	9.39856473327776e-08	NA
209300	9.20515999916052e-08	NA
606528	8.8647422527211e-08	NA
304800	8.85312068612506e-08	DIABETES INSIPIDUS, NEPHROGENIC, 1, X-LINKED
168820	8.68902847724679e-08	NA
251120	8.50809896152653e-08	NA
132810	8.38893063026005e-08	NA
600166	7.66083728947701e-08	NA
138040	7.58762277770518e-08	NA
613886	7.53122681545898e-08	NA
232900	7.43198488917825e-08	NA
239350	6.92401865992544e-08	NA
240800	6.4857536381709e-08	NA
177735	6.45652241765178e-08	NA
218030	5.83687161177485e-08	NA
203400	5.69659931052304e-08	NA
150170	5.11436527398864e-08	NA
615517	4.6564399844915e-08	NA
264350	4.49156486466875e-08	NA
241150	4.33763129485314e-08	NA
305700	4.22163775350164e-08	NA
124060	4.09072389612383e-08	NA
600955	3.1896892408832e-08	NA
240200	2.98895468014733e-08	NA
214700	2.74708565725329e-08	NA
212067	2.50382122382338e-08	NA
615361	2.36343107997087e-08	NA
602722	2.00632864420264e-08	NA
239199	1.68189322880207e-08	NA
143880	1.54993427466953e-08	NA
source	0	NA
target	0	NA
