DiseaseID	Score	DiseaseName
610947	0.00229829277128229	NA
603813	4.09846918459818e-05	HYPERCHOLESTEROLEMIA, FAMILIAL, 4
603776	3.90058490721212e-05	HYPERCHOLESTEROLEMIA, FAMILIAL, 3
615703	3.8842297045824e-05	NA
108725	3.48011975123617e-05	NA
145750	3.40335203237573e-05	NA
608320	3.28881119643549e-05	NA
144600	3.23561615670653e-05	NA
614028	3.21860908018694e-05	NA
152200	3.17533578834091e-05	NA
191540	2.99244412321801e-05	NA
612671	2.98018685306109e-05	NA
612520	2.95521281589452e-05	NA
143890	2.15402592178616e-05	HYPERCHOLESTEROLEMIA, FAMILIAL, 1
601410	1.47941053262708e-05	TYPE 1 DIABETES MELLITUS 2
222100	1.33346359067823e-05	TYPE 1 DIABETES MELLITUS
601665	1.3282051485682e-05	NA
151660	8.28582068587609e-06	NA
144250	8.13473768232774e-06	NA
613375	7.76387695401317e-06	MATURITY-ONSET DIABETES OF THE YOUNG, TYPE 11
614736	7.39076594701985e-06	NA
615474	7.30919463970229e-06	NA
616192	7.30107536428371e-06	NA
269700	7.24312768688983e-06	NA
608594	7.234354636438e-06	NA
602522	7.11281274189996e-06	NA
605814	7.10175418173294e-06	NA
602014	7.00519758339754e-06	NA
614190	6.92468779828359e-06	NA
219090	6.92128056046957e-06	NA
615158	6.79578089644573e-06	NA
167800	6.56004850619341e-06	NA
125853	6.55152671056198e-06	TYPE 2 DIABETES MELLITUS
144400	4.79787434738249e-06	NA
144650	4.47109600795488e-06	NA
238600	4.11871151674638e-06	NA
602247	3.42051941305158e-06	NA
605019	3.3468586201985e-06	NA
107741	3.31716377674342e-06	NA
144300	2.9724022286459e-06	NA
144010	2.57956520840122e-06	HYPERCHOLESTEROLEMIA, FAMILIAL, 2
109160	2.04318776837587e-06	NA
614025	1.92894724688774e-06	NA
136120	1.9181114669082e-06	NA
143470	1.76601868081718e-06	NA
615160	1.70036404058006e-06	NA
203800	1.5862946614707e-06	NA
604367	1.5861854268613e-06	NA
125852	1.58434676245723e-06	NA
138900	1.56660123721978e-06	NA
615812	1.56153250259123e-06	NA
150170	1.50644891834151e-06	NA
232900	1.47615161931022e-06	NA
207750	1.37089561159746e-06	NA
616214	1.29652884810838e-06	NA
191530	1.27280345183687e-06	NA
277460	1.18940289541441e-06	NA
205400	1.14367679238677e-06	NA
601666	1.04594586043945e-06	NA
615947	1.00038138414709e-06	NA
616329	9.78553909231586e-07	NA
232220	9.60169067859874e-07	NA
232240	9.49823242192863e-07	NA
616511	9.38388795746554e-07	MATURITY-ONSET DIABETES OF THE YOUNG, TYPE 14
145270	9.32886307780511e-07	NA
601223	9.01876244981968e-07	NA
612526	8.93999208196398e-07	NA
168820	8.67467094902833e-07	NA
194470	8.66947764803746e-07	NA
232200	8.48416820613584e-07	NA
615751	8.10622351879259e-07	NA
177600	8.0482178880089e-07	NA
613877	8.02901298698246e-07	NA
306000	7.6142517464967e-07	NA
606762	6.90510539203802e-07	NA
610374	6.79197714414279e-07	NA
615238	6.70785472812804e-07	NA
240900	6.68832728165217e-07	NA
109600	6.59501951561131e-07	NA
126150	6.16250623911236e-07	NA
602025	6.14978517012955e-07	NA
615457	6.05878806286801e-07	NA
601942	6.03270608196925e-07	NA
610508	5.83779858765794e-07	MATURITY-ONSET DIABETES OF THE YOUNG, TYPE 7
245900	5.82027769069184e-07	NA
606721	5.6990746134118e-07	NA
613677	5.57962986477759e-07	NA
608600	5.53892582646834e-07	NA
190430	5.38021256852661e-07	NA
610582	5.31110422148496e-07	NA
606392	5.29015154725705e-07	MATURITY-ONSET DIABETES OF THE YOUNG, TYPE 4
615026	5.28888974132314e-07	NA
613370	5.07732367488377e-07	MATURITY-ONSET DIABETES OF THE YOUNG, TYPE 10
612225	5.04885057995049e-07	MATURITY-ONSET DIABETES OF THE YOUNG, TYPE 9
200100	5.00117483779326e-07	NA
615558	5.00117483779326e-07	NA
304900	4.88082154503261e-07	NA
607616	4.86070319329355e-07	NA
262190	4.80630953877758e-07	NA
147630	4.65775644849172e-07	NA
240600	4.64645845011357e-07	NA
125851	4.60465559170034e-07	MATURITY-ONSET DIABETES OF THE YOUNG, TYPE 2
612780	4.53469272822604e-07	NA
612227	4.50320392572689e-07	NA
268040	4.46539831164884e-07	NA
269200	4.11074513016515e-07	NA
601941	4.08294891872886e-07	NA
615954	3.9586764434304e-07	NA
223500	3.90196575929027e-07	NA
246200	3.86894065915396e-07	NA
215720	3.86186496384356e-07	NA
615961	3.70329201869162e-07	NA
125850	3.68919652731476e-07	MATURITY-ONSET DIABETES OF THE YOUNG
557000	3.66337770700435e-07	NA
610199	3.51927766701069e-07	NA
615830	3.49087972918369e-07	NA
210740	3.45568107636868e-07	NA
249599	3.45568107636868e-07	NA
240300	3.44314970043282e-07	NA
207780	3.36231656976421e-07	NA
602475	3.28240945824259e-07	NA
607364	3.23897345800771e-07	NA
166700	3.19650596385897e-07	NA
209010	3.19650596385897e-07	NA
241080	3.19650596385897e-07	NA
560000	3.19650596385897e-07	NA
125800	3.16423705174949e-07	DIABETES INSIPIDUS, NEUROHYPOPHYSEAL, X-LINKED
614496	3.1636343301816e-07	NA
614495	2.92925210599787e-07	NA
260370	2.88108901683435e-07	NA
263800	2.84248359214328e-07	NA
614492	2.77979016656888e-07	NA
615962	2.69657038965207e-07	NA
219080	2.60561571197043e-07	NA
610475	2.60561571197043e-07	NA
610489	2.60561571197043e-07	NA
608709	2.59817474555641e-07	NA
601198	2.59778520516472e-07	NA
260350	2.54312602580655e-07	NA
118830	2.50243315431594e-07	NA
154020	2.44047250817966e-07	NA
611718	2.41683804516091e-07	NA
610600	2.38311729219472e-07	NA
614033	2.29380947686823e-07	NA
601820	2.27126087310793e-07	NA
614491	2.24785836815366e-07	NA
613090	2.18706027294269e-07	NA
601678	2.15313720427312e-07	NA
300200	2.11512526408304e-07	NA
276700	2.08174172447388e-07	NA
241200	2.04701778708367e-07	NA
600496	1.96997529898217e-07	MATURITY-ONSET DIABETES OF THE YOUNG, TYPE 3
103900	1.91047285000631e-07	NA
606824	1.87645453912048e-07	NA
616095	1.84146366785217e-07	NA
124060	1.78529955173366e-07	NA
613327	1.77410105964247e-07	NA
103230	1.67239998168012e-07	NA
606394	1.66951008138953e-07	MATURITY-ONSET DIABETES OF THE YOUNG, TYPE 6
615517	1.62424777000185e-07	NA
600089	1.58792138969496e-07	NA
177200	1.50833497145853e-07	NA
605911	1.48017584276983e-07	NA
132810	1.45364242988335e-07	NA
608189	1.43794393056882e-07	NA
145260	1.4351510641811e-07	NA
229500	1.39928357575909e-07	NA
300539	1.39206866635865e-07	NA
614662	1.31987147860308e-07	NA
167755	1.30250063423323e-07	NA
609812	1.28907741505064e-07	MATURITY-ONSET DIABETES OF THE YOUNG, TYPE 8
151800	1.28506334683387e-07	NA
263600	1.24937620604698e-07	NA
605115	1.24728750234097e-07	NA
143860	1.23265855121366e-07	NA
208300	1.20695188745031e-07	NA
613743	1.19486282203904e-07	NA
609197	1.19385663042259e-07	NA
609975	1.16919338179471e-07	NA
171200	1.14958954727396e-07	NA
229800	1.11792704153445e-07	NA
126900	1.09419480929639e-07	NA
609734	1.07049624847959e-07	NA
610021	1.03031067164021e-07	NA
167770	9.71693727641012e-08	NA
613347	9.70515710342405e-08	NA
138040	9.61042543313793e-08	NA
609968	8.47906895465953e-08	NA
260450	8.47829581100921e-08	NA
209300	8.09429524225412e-08	NA
613886	7.59284884588105e-08	NA
602485	7.58946691079596e-08	NA
174050	7.58036087484672e-08	NA
256450	7.32576317225723e-08	NA
240150	6.24092949849033e-08	NA
251120	5.90555283703534e-08	NA
177735	5.87516021573139e-08	NA
129840	5.55439648023111e-08	NA
179820	5.35767811609581e-08	NA
203400	4.92732070978696e-08	NA
600952	4.92712406566812e-08	NA
304800	4.49061130534719e-08	DIABETES INSIPIDUS, NEPHROGENIC, 1, X-LINKED
606528	4.35282400112165e-08	NA
241150	4.34473973557129e-08	NA
305700	4.13022718842892e-08	NA
264350	4.07173381234909e-08	NA
218030	3.46986466205798e-08	NA
240800	3.1824137909651e-08	NA
240200	2.87580406811676e-08	NA
239350	2.76661222201119e-08	NA
615361	2.74633649252342e-08	NA
214700	2.55225120076087e-08	NA
600166	2.37133988577556e-08	NA
600955	2.17202744104664e-08	NA
239199	1.4323861711256e-08	NA
602722	1.40642049667532e-08	NA
143880	1.39443962887151e-08	NA
212067	8.34543295164692e-09	NA
source	0	NA
target	0	NA
