DiseaseID	Score	DiseaseName
143890	2.13974317847241e-05	HYPERCHOLESTEROLEMIA, FAMILIAL, 1
601410	1.52325809048513e-05	TYPE 1 DIABETES MELLITUS 2
601665	1.35903320975471e-05	NA
222100	1.35192343115496e-05	TYPE 1 DIABETES MELLITUS
613375	7.73764737864501e-06	MATURITY-ONSET DIABETES OF THE YOUNG, TYPE 11
603813	7.47698469370756e-06	HYPERCHOLESTEROLEMIA, FAMILIAL, 4
167800	7.45536179049004e-06	NA
602014	7.36876279598214e-06	NA
151660	7.26245263096965e-06	NA
616192	7.22887655646668e-06	NA
219090	7.21128926699927e-06	NA
603776	7.16701825790076e-06	HYPERCHOLESTEROLEMIA, FAMILIAL, 3
608594	7.15416609337504e-06	NA
615474	7.1430664493606e-06	NA
269700	7.1249116536597e-06	NA
614736	7.11993165379264e-06	NA
610947	7.10827206247005e-06	NA
125853	7.01007076189587e-06	TYPE 2 DIABETES MELLITUS
615158	6.99307302845815e-06	NA
602522	6.95369630774018e-06	NA
615703	6.92375150688797e-06	NA
605814	6.89608587046454e-06	NA
614190	6.88974024026325e-06	NA
144250	4.02861235031349e-06	NA
238600	3.61389288182537e-06	NA
125852	8.93988340968076e-07	NA
616214	8.19468923217765e-07	NA
240900	6.6673573427413e-07	NA
614028	6.66421493994682e-07	NA
602247	6.61291369474343e-07	NA
144650	5.9674900391489e-07	NA
144300	5.72260168942128e-07	NA
107741	5.64306616531211e-07	NA
602025	5.60849062721058e-07	NA
144400	5.56746369131638e-07	NA
613677	5.56227622045854e-07	NA
615457	5.52327594620421e-07	NA
190430	5.4225774194601e-07	NA
612520	5.38580120713565e-07	NA
203800	5.33134287118078e-07	NA
144010	5.1287532822189e-07	HYPERCHOLESTEROLEMIA, FAMILIAL, 2
616511	5.0910256932075e-07	MATURITY-ONSET DIABETES OF THE YOUNG, TYPE 14
136120	4.89020681418647e-07	NA
304900	4.88934844482182e-07	NA
207750	4.7006845539546e-07	NA
616329	4.65705615511026e-07	NA
612780	4.61853269848678e-07	NA
605019	4.5439116135449e-07	NA
262190	4.45060949062018e-07	NA
601666	4.44341337382118e-07	NA
147630	4.40628900188721e-07	NA
108725	4.30878590130229e-07	NA
277460	4.15129140238967e-07	NA
240600	4.08267060144645e-07	NA
613877	3.99734438691977e-07	NA
615954	3.91413987068276e-07	NA
145750	3.88665135289184e-07	NA
223500	3.84656100058895e-07	NA
608600	3.82614971848294e-07	NA
215720	3.74820050334682e-07	NA
612526	3.64816159264095e-07	NA
604367	3.61552500015183e-07	NA
608320	3.54491953764733e-07	NA
610374	3.43674262389257e-07	NA
125800	3.19480955298498e-07	DIABETES INSIPIDUS, NEUROHYPOPHYSEAL, X-LINKED
607364	3.18272792353462e-07	NA
246200	3.17076274080609e-07	NA
263800	2.96205205353404e-07	NA
260370	2.92343372097578e-07	NA
306000	2.85354635451223e-07	NA
615830	2.84235121662674e-07	NA
144600	2.83082759108106e-07	NA
615238	2.82842577200374e-07	NA
614496	2.79110660363338e-07	NA
601198	2.71766532647162e-07	NA
614492	2.68628178848502e-07	NA
219080	2.6358850816002e-07	NA
610475	2.6358850816002e-07	NA
610489	2.6358850816002e-07	NA
614495	2.59422653790006e-07	NA
154020	2.56493489689268e-07	NA
615962	2.55849623335467e-07	NA
260350	2.55049506211781e-07	NA
611718	2.52893516394395e-07	NA
601942	2.4359306580876e-07	NA
610600	2.34415705344491e-07	NA
601820	2.14860121265831e-07	NA
613090	2.14612658178742e-07	NA
610508	2.14360098322355e-07	MATURITY-ONSET DIABETES OF THE YOUNG, TYPE 7
614491	2.1381658859931e-07	NA
300200	2.133357766623e-07	NA
601678	2.12097371474435e-07	NA
615160	2.10009946322086e-07	NA
608709	2.03912280502069e-07	NA
241200	2.01575214682905e-07	NA
125851	1.96689819462061e-07	MATURITY-ONSET DIABETES OF THE YOUNG, TYPE 2
125850	1.9523741263457e-07	MATURITY-ONSET DIABETES OF THE YOUNG
103900	1.92507156093512e-07	NA
118830	1.68554053276611e-07	NA
152200	1.66491374393194e-07	NA
606824	1.65890217851776e-07	NA
615812	1.54660176319073e-07	NA
615947	1.51751771941821e-07	NA
143470	1.50952955891528e-07	NA
606392	1.48843661205597e-07	MATURITY-ONSET DIABETES OF THE YOUNG, TYPE 4
177200	1.44171844515767e-07	NA
608189	1.43598394152832e-07	NA
600496	1.39907611998077e-07	MATURITY-ONSET DIABETES OF THE YOUNG, TYPE 3
300539	1.36797306074939e-07	NA
145260	1.36440613472457e-07	NA
613327	1.35135793278569e-07	NA
191540	1.33591714320376e-07	NA
614025	1.32698627212653e-07	NA
612227	1.30880259303919e-07	NA
600089	1.28559678666432e-07	NA
143860	1.28243510833854e-07	NA
610582	1.25537110965752e-07	NA
606721	1.24366583496724e-07	NA
167755	1.22390125137346e-07	NA
229500	1.18872232700529e-07	NA
605115	1.17312073735029e-07	NA
613743	1.15907859333836e-07	NA
613370	1.1381429979722e-07	MATURITY-ONSET DIABETES OF THE YOUNG, TYPE 10
609812	1.09665184320196e-07	MATURITY-ONSET DIABETES OF THE YOUNG, TYPE 8
208300	1.07356979298363e-07	NA
613347	1.06370973626894e-07	NA
126900	1.05133741055331e-07	NA
232220	1.05077662796083e-07	NA
616095	1.0503696049242e-07	NA
614662	1.04789238629528e-07	NA
612225	1.04713584782121e-07	MATURITY-ONSET DIABETES OF THE YOUNG, TYPE 9
612671	1.04273881620634e-07	NA
605911	1.03286540505446e-07	NA
103230	1.03062328888191e-07	NA
167770	1.02440521166155e-07	NA
171200	9.73214100240552e-08	NA
276700	9.72242805284268e-08	NA
615751	9.58356766023212e-08	NA
126150	9.57787852717895e-08	NA
191530	9.54788814931329e-08	NA
606394	9.54471911449299e-08	MATURITY-ONSET DIABETES OF THE YOUNG, TYPE 6
614033	9.46263364818614e-08	NA
260450	9.4201777164161e-08	NA
269200	9.36588470183388e-08	NA
615026	9.32714820698123e-08	NA
151800	9.22420261078535e-08	NA
209300	9.07267355327642e-08	NA
609975	8.990591134191e-08	NA
268040	8.85829683098298e-08	NA
609734	8.80253358498792e-08	NA
229800	8.55953838429242e-08	NA
174050	8.23024106526749e-08	NA
263600	7.95560865222013e-08	NA
609197	7.95101116573366e-08	NA
232200	7.82861380896869e-08	NA
613886	7.18154247229643e-08	NA
138900	6.14123002976574e-08	NA
601941	5.94384031963724e-08	NA
177735	5.71761866591572e-08	NA
205400	5.58025898421546e-08	NA
557000	5.45654536596413e-08	NA
240150	5.21968604157129e-08	NA
610021	5.10912417133927e-08	NA
203400	4.89771818980269e-08	NA
256450	4.68120709549584e-08	NA
304800	4.40105045505817e-08	DIABETES INSIPIDUS, NEPHROGENIC, 1, X-LINKED
241150	4.38461901312524e-08	NA
609968	4.33756218126455e-08	NA
615961	4.02237755526862e-08	NA
264350	3.93152182029748e-08	NA
305700	3.9215242531475e-08	NA
232240	3.91807786753723e-08	NA
245900	3.68255649181638e-08	NA
251120	3.48798236335987e-08	NA
218030	3.32601208931576e-08	NA
610199	3.25657240388577e-08	NA
207780	3.09692933396392e-08	NA
129840	3.06844616119225e-08	NA
138040	3.02929873340008e-08	NA
109160	3.00365675716474e-08	NA
602485	2.77862338317535e-08	NA
615517	2.74586350754596e-08	NA
239350	2.69823282325088e-08	NA
240200	2.66417638818653e-08	NA
109600	2.62311639866318e-08	NA
607616	2.5690774327203e-08	NA
214700	2.51169066370906e-08	NA
615361	2.46723770273709e-08	NA
179820	2.43333348058529e-08	NA
606528	2.36576388611965e-08	NA
240300	2.29998539403612e-08	NA
602475	2.27569403478987e-08	NA
601223	2.1895609567832e-08	NA
194470	2.14872799428771e-08	NA
606762	2.04836752514879e-08	NA
600955	1.99127754443587e-08	NA
210740	1.87895331379074e-08	NA
249599	1.87895331379074e-08	NA
200100	1.83573633109451e-08	NA
615558	1.83573633109451e-08	NA
166700	1.73804225381359e-08	NA
209010	1.73804225381359e-08	NA
241080	1.73804225381359e-08	NA
560000	1.73804225381359e-08	NA
600952	1.6997634455911e-08	NA
168820	1.55945449669329e-08	NA
145270	1.42762059382922e-08	NA
150170	1.42073424629043e-08	NA
177600	1.40687091669026e-08	NA
143880	1.39257701632859e-08	NA
239199	1.31163599320114e-08	NA
124060	1.14419521115704e-08	NA
602722	1.07779790948296e-08	NA
132810	1.01270965591528e-08	NA
600166	9.28825288845242e-09	NA
232900	9.18897905148079e-09	NA
240800	7.12656220953744e-09	NA
212067	6.15058357663301e-09	NA
source	0	NA
target	0	NA
