DiseaseID	Score	DiseaseName
143890	2.05417440982469e-05	HYPERCHOLESTEROLEMIA, FAMILIAL, 1
615703	8.37967429543486e-06	NA
601410	7.84281042624955e-06	TYPE 1 DIABETES MELLITUS 2
601665	7.6902046282062e-06	NA
222100	7.11175929719795e-06	TYPE 1 DIABETES MELLITUS
610947	6.48543909284355e-06	NA
613375	5.96479941288672e-06	MATURITY-ONSET DIABETES OF THE YOUNG, TYPE 11
616192	5.89150645101575e-06	NA
614736	5.37082513303687e-06	NA
602014	4.93966262391772e-06	NA
603813	4.69824016939967e-06	HYPERCHOLESTEROLEMIA, FAMILIAL, 4
219090	4.62560717668031e-06	NA
151660	4.61891255334692e-06	NA
603776	4.3947965056144e-06	HYPERCHOLESTEROLEMIA, FAMILIAL, 3
269700	4.34905234114603e-06	NA
125853	4.30710568228317e-06	TYPE 2 DIABETES MELLITUS
602522	4.17094910433018e-06	NA
608594	3.94040735027463e-06	NA
615158	3.90439612096789e-06	NA
615474	3.80988439631488e-06	NA
614190	3.69564279578703e-06	NA
167800	3.43928211479499e-06	NA
605814	3.4135545657091e-06	NA
144250	2.51773750695964e-06	NA
238600	2.13792819835665e-06	NA
125852	5.45939368047869e-07	NA
602247	5.36988543245341e-07	NA
107741	5.13874305868288e-07	NA
614028	4.76541475863286e-07	NA
144300	4.7564960646739e-07	NA
144400	4.71092063185101e-07	NA
616214	4.70279453020924e-07	NA
144010	4.45770523642794e-07	HYPERCHOLESTEROLEMIA, FAMILIAL, 2
136120	4.29438063748827e-07	NA
240900	4.11800091211215e-07	NA
207750	4.06920918078489e-07	NA
144650	4.02738884797637e-07	NA
612520	3.75653709993608e-07	NA
277460	3.70993855292147e-07	NA
616511	3.70982801049245e-07	MATURITY-ONSET DIABETES OF THE YOUNG, TYPE 14
203800	3.70368229401658e-07	NA
108725	3.57704525456894e-07	NA
616329	3.47623711531289e-07	NA
602025	3.35999893189516e-07	NA
615457	3.30846172858501e-07	NA
190430	3.2271412176113e-07	NA
605019	3.01620908818879e-07	NA
613677	2.98487237434734e-07	NA
608320	2.95651151979152e-07	NA
612780	2.93036262493894e-07	NA
145750	2.91856259221494e-07	NA
601666	2.90629024239733e-07	NA
613877	2.8428756619288e-07	NA
304900	2.7122983104256e-07	NA
223500	2.5334548954735e-07	NA
262190	2.48154163049957e-07	NA
608600	2.35062759778112e-07	NA
147630	2.29668130834744e-07	NA
215720	2.2924079900505e-07	NA
615954	2.25676103678905e-07	NA
612526	2.25467785397974e-07	NA
604367	2.23113688999693e-07	NA
240600	2.20730879256087e-07	NA
144600	2.19073645214793e-07	NA
615238	2.11283738223506e-07	NA
263800	1.94608241080433e-07	NA
610374	1.93767592679124e-07	NA
246200	1.89734076565022e-07	NA
607364	1.83089798863012e-07	NA
601198	1.80774298129153e-07	NA
615830	1.74453194512615e-07	NA
154020	1.71750494401202e-07	NA
125800	1.69393208301517e-07	DIABETES INSIPIDUS, NEUROHYPOPHYSEAL, X-LINKED
611718	1.68929116413411e-07	NA
219080	1.58566295383944e-07	NA
610475	1.58566295383944e-07	NA
610489	1.58566295383944e-07	NA
601820	1.53653184329295e-07	NA
615962	1.53560587397136e-07	NA
306000	1.53123297453018e-07	NA
614496	1.52238386553971e-07	NA
260370	1.47858064761698e-07	NA
610508	1.45790118333991e-07	MATURITY-ONSET DIABETES OF THE YOUNG, TYPE 7
614492	1.45666731106501e-07	NA
615812	1.44094903056984e-07	NA
614495	1.40801497622644e-07	NA
615947	1.39713793261394e-07	NA
615160	1.39006577464252e-07	NA
610600	1.38511302692683e-07	NA
152200	1.3504740205241e-07	NA
125851	1.32119595220305e-07	MATURITY-ONSET DIABETES OF THE YOUNG, TYPE 2
601942	1.31704403601529e-07	NA
125850	1.30724104248055e-07	MATURITY-ONSET DIABETES OF THE YOUNG
260350	1.30695879506886e-07	NA
601678	1.27766928109914e-07	NA
613090	1.26874786232267e-07	NA
608709	1.26477919764514e-07	NA
241200	1.21926960271219e-07	NA
614491	1.1519599116413e-07	NA
606824	1.12131491861049e-07	NA
191540	1.11384751112644e-07	NA
300200	1.10968911372296e-07	NA
103900	1.10207213367842e-07	NA
143470	1.01064865718872e-07	NA
268040	9.7081846622741e-08	NA
606392	9.53303658620487e-08	MATURITY-ONSET DIABETES OF THE YOUNG, TYPE 4
118830	9.37800943184525e-08	NA
612671	9.17316013821315e-08	NA
614025	8.82354688581697e-08	NA
600496	8.62295817954072e-08	MATURITY-ONSET DIABETES OF THE YOUNG, TYPE 3
606721	8.47206656596974e-08	NA
613370	8.21740047751851e-08	MATURITY-ONSET DIABETES OF THE YOUNG, TYPE 10
613327	7.93134937998944e-08	NA
610582	7.88397221583777e-08	NA
177200	7.79986121445662e-08	NA
143860	7.76081705000814e-08	NA
600089	7.73413329309489e-08	NA
612225	7.6922676105081e-08	MATURITY-ONSET DIABETES OF THE YOUNG, TYPE 9
300539	7.55086543676951e-08	NA
614662	7.43289389099328e-08	NA
145260	7.34807551101819e-08	NA
232220	7.28970274232949e-08	NA
608189	6.97510749965694e-08	NA
606394	6.90023082746306e-08	MATURITY-ONSET DIABETES OF THE YOUNG, TYPE 6
229500	6.85381883519079e-08	NA
612227	6.81332943740422e-08	NA
126900	6.45746308512669e-08	NA
609734	6.43562677567931e-08	NA
605115	6.39859340669215e-08	NA
613743	6.35831479070606e-08	NA
616095	6.11810645885074e-08	NA
167755	6.09013294636964e-08	NA
605911	6.00328045406379e-08	NA
191530	5.97026356851845e-08	NA
126150	5.9497318241864e-08	NA
151800	5.81219857275955e-08	NA
614033	5.64286687415739e-08	NA
615751	5.58123281808867e-08	NA
103230	5.56813334951378e-08	NA
615026	5.50436960169252e-08	NA
208300	5.50195505011369e-08	NA
276700	5.39258872385396e-08	NA
609812	5.35514622558813e-08	MATURITY-ONSET DIABETES OF THE YOUNG, TYPE 8
171200	5.32167087565078e-08	NA
232200	5.2890746642844e-08	NA
609975	5.26228439079395e-08	NA
613347	5.00558046591528e-08	NA
229800	4.93737766632658e-08	NA
167770	4.86059450741846e-08	NA
269200	4.67460480907585e-08	NA
263600	4.57334250841428e-08	NA
609197	4.53155818564186e-08	NA
205400	4.519987899667e-08	NA
260450	4.39003379233835e-08	NA
613886	4.29147262864898e-08	NA
209300	4.22231981869993e-08	NA
174050	3.85139924985792e-08	NA
601941	3.74191674431902e-08	NA
138900	3.61025578321642e-08	NA
177735	3.20001696614702e-08	NA
557000	3.10193355756377e-08	NA
240150	3.07712947158047e-08	NA
610021	3.05453754644729e-08	NA
232240	3.04561818473362e-08	NA
245900	2.89456051930474e-08	NA
256450	2.80666099041578e-08	NA
203400	2.74235647432696e-08	NA
241150	2.64479563074895e-08	NA
609968	2.60932695929883e-08	NA
615961	2.59890936138815e-08	NA
304800	2.50147973941461e-08	DIABETES INSIPIDUS, NEPHROGENIC, 1, X-LINKED
305700	2.38308470963615e-08	NA
264350	2.23783972250627e-08	NA
251120	2.17022925733725e-08	NA
610199	2.1528021789803e-08	NA
109160	2.12662271149838e-08	NA
607616	1.95237914711667e-08	NA
207780	1.94271670284965e-08	NA
129840	1.84351671832388e-08	NA
218030	1.82824841365437e-08	NA
109600	1.76341155884974e-08	NA
138040	1.70846405781451e-08	NA
602485	1.68239911674591e-08	NA
239350	1.59294756765059e-08	NA
615361	1.58218454674312e-08	NA
602475	1.56647654761059e-08	NA
615517	1.56038447387413e-08	NA
179820	1.51759483871778e-08	NA
606528	1.51233349857256e-08	NA
601223	1.49798555446791e-08	NA
194470	1.47223622844098e-08	NA
214700	1.45796824003154e-08	NA
240200	1.44957475955557e-08	NA
240300	1.41004729821436e-08	NA
200100	1.27464730516684e-08	NA
615558	1.27464730516684e-08	NA
606762	1.26761072869735e-08	NA
210740	1.221157759975e-08	NA
249599	1.221157759975e-08	NA
600955	1.21539942783691e-08	NA
166700	1.12957313690284e-08	NA
209010	1.12957313690284e-08	NA
241080	1.12957313690284e-08	NA
560000	1.12957313690284e-08	NA
600952	1.09249963782611e-08	NA
168820	1.0554705303424e-08	NA
150170	1.04148798541233e-08	NA
145270	9.89922024877662e-09	NA
177600	9.71280010794567e-09	NA
239199	7.88724845622815e-09	NA
143880	7.70588626101327e-09	NA
124060	7.38162668932985e-09	NA
232900	7.17511926812041e-09	NA
602722	7.09385418724709e-09	NA
132810	6.50794179599023e-09	NA
600166	5.71157981488887e-09	NA
240800	4.25135874173396e-09	NA
212067	3.52370490050431e-09	NA
source	0	NA
target	0	NA
