DiseaseID	Score	DiseaseName
143890	1.99808735545215e-05	HYPERCHOLESTEROLEMIA, FAMILIAL, 1
601410	1.53602009241481e-05	TYPE 1 DIABETES MELLITUS 2
601665	8.96345841489871e-06	NA
222100	8.42621491239099e-06	TYPE 1 DIABETES MELLITUS
615474	6.62706429362885e-06	NA
608594	6.14909850076719e-06	NA
603776	5.35165193961924e-06	HYPERCHOLESTEROLEMIA, FAMILIAL, 3
602522	4.73200299824676e-06	NA
151660	4.63799180175492e-06	NA
605814	4.55103401431766e-06	NA
602014	4.48383642299253e-06	NA
603813	4.32816100008567e-06	HYPERCHOLESTEROLEMIA, FAMILIAL, 4
614190	4.21555076019752e-06	NA
614736	4.05713681272011e-06	NA
269700	4.05428917514372e-06	NA
613375	3.7675165698472e-06	MATURITY-ONSET DIABETES OF THE YOUNG, TYPE 11
167800	3.76620142531063e-06	NA
219090	3.66647807911485e-06	NA
125853	3.57093910259592e-06	TYPE 2 DIABETES MELLITUS
615158	3.32757232736786e-06	NA
616192	3.18433610211194e-06	NA
610947	3.12555568415022e-06	NA
615703	2.75394105295903e-06	NA
144250	2.51585457999671e-06	NA
238600	2.15171450688252e-06	NA
125852	5.93607417237975e-07	NA
616214	5.78609245508167e-07	NA
602247	5.31421605613103e-07	NA
144300	4.71007493458613e-07	NA
144400	4.62124855852605e-07	NA
107741	4.39387081943244e-07	NA
144010	4.2866426392593e-07	HYPERCHOLESTEROLEMIA, FAMILIAL, 2
136120	4.1740652441002e-07	NA
240900	4.16625724334269e-07	NA
614028	4.14845465010721e-07	NA
207750	3.94633692874362e-07	NA
144650	3.83747916679793e-07	NA
613677	3.80813556245249e-07	NA
262190	3.68835006687593e-07	NA
612520	3.61488475800097e-07	NA
277460	3.58545824392284e-07	NA
602025	3.55656755697581e-07	NA
615457	3.50277102366888e-07	NA
190430	3.44568802195666e-07	NA
203800	3.22827152057253e-07	NA
601666	3.18873756140746e-07	NA
304900	3.15220103265618e-07	NA
615954	2.98116909271881e-07	NA
612780	2.96533977100704e-07	NA
605019	2.82374808139893e-07	NA
223500	2.80865175956787e-07	NA
610374	2.74129855145284e-07	NA
147630	2.6673218952816e-07	NA
616511	2.65360846009975e-07	MATURITY-ONSET DIABETES OF THE YOUNG, TYPE 14
608600	2.62539361836194e-07	NA
108725	2.58547569040011e-07	NA
613877	2.54266265984182e-07	NA
612526	2.50828265395027e-07	NA
240600	2.49300600595344e-07	NA
616329	2.47336355618472e-07	NA
260370	2.45688914424828e-07	NA
604367	2.44458531370664e-07	NA
607364	2.41087342158471e-07	NA
145750	2.35028938158713e-07	NA
215720	2.26812991251569e-07	NA
601942	2.25210417421892e-07	NA
246200	2.19844052687271e-07	NA
300200	2.079376705592e-07	NA
125800	1.99606475270056e-07	DIABETES INSIPIDUS, NEUROHYPOPHYSEAL, X-LINKED
608320	1.97088299155046e-07	NA
614496	1.95923141553073e-07	NA
614492	1.89338262233819e-07	NA
615238	1.87917796624167e-07	NA
306000	1.86005560454607e-07	NA
263800	1.83769401842073e-07	NA
614495	1.81953631720425e-07	NA
615962	1.71688437322226e-07	NA
601198	1.66715384079608e-07	NA
144600	1.66019734281181e-07	NA
614491	1.63707898072392e-07	NA
610600	1.61896927964226e-07	NA
615830	1.58338439268627e-07	NA
154020	1.56217614414996e-07	NA
611718	1.54015907513593e-07	NA
260350	1.53486665313444e-07	NA
219080	1.47336074908992e-07	NA
610475	1.47336074908992e-07	NA
610489	1.47336074908992e-07	NA
613090	1.46005752257332e-07	NA
601678	1.43305428696266e-07	NA
241200	1.36005584117527e-07	NA
608709	1.23874613182074e-07	NA
177200	1.22949442447434e-07	NA
601820	1.21697048714946e-07	NA
300539	1.1690550442691e-07	NA
145260	1.16298185388988e-07	NA
615160	1.15604304790638e-07	NA
103900	1.12348806329632e-07	NA
610508	1.109565869095e-07	MATURITY-ONSET DIABETES OF THE YOUNG, TYPE 7
613327	1.08871799452682e-07	NA
143470	1.08202901707981e-07	NA
125851	1.02136444219171e-07	MATURITY-ONSET DIABETES OF THE YOUNG, TYPE 2
605115	1.01782090166643e-07	NA
125850	1.01579379928092e-07	MATURITY-ONSET DIABETES OF THE YOUNG
118830	9.78005178363607e-08	NA
606824	8.87969416441642e-08	NA
152200	8.62618529364648e-08	NA
606721	8.47754663805543e-08	NA
614025	8.24725449820563e-08	NA
606392	8.18305380929958e-08	MATURITY-ONSET DIABETES OF THE YOUNG, TYPE 4
615812	8.14745413522954e-08	NA
615947	7.9591157984752e-08	NA
608189	7.80497700996685e-08	NA
600496	7.78399262508569e-08	MATURITY-ONSET DIABETES OF THE YOUNG, TYPE 3
613743	7.60304254506284e-08	NA
612227	7.31808190625396e-08	NA
600089	7.1878028847823e-08	NA
143860	7.0121921052487e-08	NA
126150	6.93709924248711e-08	NA
191530	6.91564665569725e-08	NA
232220	6.78890078422563e-08	NA
167755	6.77569220446136e-08	NA
610582	6.71647517267417e-08	NA
103230	6.63988675278659e-08	NA
191540	6.63109138916849e-08	NA
229500	6.45355788911808e-08	NA
276700	6.27619961258541e-08	NA
605911	6.13315250324242e-08	NA
614662	6.00518626463468e-08	NA
613370	5.98979061267688e-08	MATURITY-ONSET DIABETES OF THE YOUNG, TYPE 10
171200	5.97026675958545e-08	NA
208300	5.94170742439464e-08	NA
151800	5.93484954006015e-08	NA
609812	5.70084184716774e-08	MATURITY-ONSET DIABETES OF THE YOUNG, TYPE 8
126900	5.61306142837274e-08	NA
616095	5.53949219350702e-08	NA
613347	5.52302941721544e-08	NA
612225	5.35804428089674e-08	MATURITY-ONSET DIABETES OF THE YOUNG, TYPE 9
167770	5.32751202501964e-08	NA
269200	5.06223278015633e-08	NA
606394	5.00322604175598e-08	MATURITY-ONSET DIABETES OF THE YOUNG, TYPE 6
615751	4.97372478575696e-08	NA
614033	4.95055327144761e-08	NA
232200	4.92718445602447e-08	NA
615026	4.84190925827813e-08	NA
260450	4.82888639552005e-08	NA
612671	4.81449208745227e-08	NA
609975	4.76759621123571e-08	NA
609734	4.70279965755127e-08	NA
209300	4.64887908728484e-08	NA
613886	4.55773470267838e-08	NA
229800	4.42747995310606e-08	NA
174050	4.20593995890538e-08	NA
205400	4.19391036271187e-08	NA
609197	4.14065911162847e-08	NA
263600	4.02705728433337e-08	NA
177735	3.89817620714752e-08	NA
268040	3.88996619605122e-08	NA
138900	3.88764912566654e-08	NA
601941	3.82201476188402e-08	NA
557000	3.69194506639271e-08	NA
203400	3.61310825313632e-08	NA
240150	3.1224373326373e-08	NA
610021	3.06468879017555e-08	NA
256450	3.01814499873989e-08	NA
232240	2.89812091046249e-08	NA
241150	2.87287949317563e-08	NA
304800	2.82739340617917e-08	DIABETES INSIPIDUS, NEPHROGENIC, 1, X-LINKED
245900	2.75290158705688e-08	NA
264350	2.7490062746554e-08	NA
615961	2.71025231952827e-08	NA
609968	2.68716642000751e-08	NA
305700	2.46995876883627e-08	NA
218030	2.4427123046589e-08	NA
138040	2.20355886908981e-08	NA
610199	2.17701962376845e-08	NA
207780	2.12661002050645e-08	NA
251120	2.04018446674698e-08	NA
240200	1.94686421106334e-08	NA
129840	1.9419789083305e-08	NA
615517	1.92612805892312e-08	NA
602485	1.83194511127104e-08	NA
607616	1.82865469395521e-08	NA
214700	1.76488418013787e-08	NA
239350	1.72377837101431e-08	NA
109160	1.70439226660158e-08	NA
109600	1.60777547016191e-08	NA
615361	1.57118629390679e-08	NA
600955	1.51673315201786e-08	NA
240300	1.48815549800468e-08	NA
179820	1.44384867158551e-08	NA
606528	1.41754298025103e-08	NA
602475	1.37229886358649e-08	NA
601223	1.32295590586704e-08	NA
194470	1.30170426926923e-08	NA
210740	1.28045561423822e-08	NA
249599	1.28045561423822e-08	NA
606762	1.23673183471567e-08	NA
166700	1.18442363916556e-08	NA
209010	1.18442363916556e-08	NA
241080	1.18442363916556e-08	NA
560000	1.18442363916556e-08	NA
615558	1.1622414206879e-08	NA
200100	1.1622414206879e-08	NA
168820	9.9770169577452e-09	NA
600952	9.96320299465801e-09	NA
143880	8.90950760469397e-09	NA
145270	8.76367713947297e-09	NA
239199	8.66305426646728e-09	NA
177600	7.97319901399283e-09	NA
150170	7.62051388082669e-09	NA
124060	7.35482289922584e-09	NA
600166	6.13150919122669e-09	NA
602722	6.00839880840133e-09	NA
132810	5.63339371260181e-09	NA
232900	5.1115518036758e-09	NA
240800	4.21052343188137e-09	NA
212067	3.26380872450789e-09	NA
source	0	NA
target	0	NA
