DiseaseID	Score	DiseaseName
610947	0.00196985443631426	NA
603813	3.28887001812716e-05	HYPERCHOLESTEROLEMIA, FAMILIAL, 4
615703	3.23805729381573e-05	NA
603776	3.0127074059052e-05	HYPERCHOLESTEROLEMIA, FAMILIAL, 3
108725	2.97283496027192e-05	NA
145750	2.90818981769206e-05	NA
608320	2.81125177649636e-05	NA
144600	2.76734569585081e-05	NA
614028	2.75126784800404e-05	NA
152200	2.71929913997318e-05	NA
191540	2.56375962232445e-05	NA
612671	2.55405407862718e-05	NA
612520	2.52688042065212e-05	NA
143890	1.05239241582988e-05	HYPERCHOLESTEROLEMIA, FAMILIAL, 1
601410	1.0495742690623e-05	TYPE 1 DIABETES MELLITUS 2
614736	8.82209295739263e-06	NA
601665	8.80587414801505e-06	NA
605814	7.10737200049851e-06	NA
602014	6.23619553439068e-06	NA
222100	5.68888669292597e-06	TYPE 1 DIABETES MELLITUS
144250	5.60062880743195e-06	NA
613375	5.49149840863508e-06	MATURITY-ONSET DIABETES OF THE YOUNG, TYPE 11
616192	5.45567480480777e-06	NA
151660	5.00928559852469e-06	NA
167800	4.75895076715162e-06	NA
615474	4.62624256692115e-06	NA
615158	4.35375125033228e-06	NA
608594	4.03553841067228e-06	NA
602522	3.96690122281698e-06	NA
144400	3.91265775897915e-06	NA
219090	3.89512435307786e-06	NA
125853	3.7993709271826e-06	TYPE 2 DIABETES MELLITUS
144650	3.75129036704119e-06	NA
269700	3.67893458671063e-06	NA
614190	2.92315034414189e-06	NA
605019	2.8274147963345e-06	NA
602247	2.69334868744824e-06	NA
107741	2.66182841232592e-06	NA
144300	2.34019939461254e-06	NA
238600	2.3102174363605e-06	NA
144010	2.0304831529397e-06	HYPERCHOLESTEROLEMIA, FAMILIAL, 2
109160	1.74544116956746e-06	NA
614025	1.61215435049041e-06	NA
136120	1.47822424428011e-06	NA
615160	1.46708336718343e-06	NA
143470	1.46122530382893e-06	NA
138900	1.32773669692381e-06	NA
615812	1.30987832652949e-06	NA
150170	1.28996816591112e-06	NA
232900	1.2639649215923e-06	NA
604367	1.24920793987626e-06	NA
203800	1.21067259886406e-06	NA
125852	1.13546683493709e-06	NA
191530	1.04979351939661e-06	NA
207750	1.00833392688151e-06	NA
205400	9.65164612801719e-07	NA
616214	9.47445493201132e-07	NA
277460	8.74367916461431e-07	NA
601666	8.36023183400178e-07	NA
615947	8.23245294248206e-07	NA
616329	8.18419318576099e-07	NA
232240	8.01983305978431e-07	NA
145270	7.95803475344249e-07	NA
232220	7.89862171055708e-07	NA
616511	7.74339133288946e-07	MATURITY-ONSET DIABETES OF THE YOUNG, TYPE 14
601223	7.67285933370026e-07	NA
168820	7.3886449169173e-07	NA
194470	7.37372136105219e-07	NA
232200	7.02562491370458e-07	NA
177600	6.86683980796917e-07	NA
615751	6.75721192149912e-07	NA
306000	6.60971479446233e-07	NA
612526	6.53114697316848e-07	NA
606762	5.88215991060579e-07	NA
613877	5.77461304619811e-07	NA
109600	5.57542871412947e-07	NA
610374	5.19685303710454e-07	NA
615238	5.02398400426386e-07	NA
240900	5.0186669940278e-07	NA
245900	4.89711834025639e-07	NA
126150	4.86524560100117e-07	NA
601942	4.8043524505381e-07	NA
610508	4.56117814323237e-07	MATURITY-ONSET DIABETES OF THE YOUNG, TYPE 7
606721	4.5238397961572e-07	NA
615026	4.39081647216631e-07	NA
610582	4.26426973980178e-07	NA
200100	4.2637998141563e-07	NA
615558	4.2637998141563e-07	NA
602025	4.25512585714712e-07	NA
615457	4.1906291291511e-07	NA
606392	4.18758921459599e-07	MATURITY-ONSET DIABETES OF THE YOUNG, TYPE 4
613370	4.16929546886173e-07	MATURITY-ONSET DIABETES OF THE YOUNG, TYPE 10
612225	4.16795016956089e-07	MATURITY-ONSET DIABETES OF THE YOUNG, TYPE 9
607616	4.11458683913119e-07	NA
215720	3.85184137628678e-07	NA
268040	3.68507747689183e-07	NA
612227	3.68265920279824e-07	NA
190430	3.62747741057175e-07	NA
608600	3.55650056131483e-07	NA
125851	3.51633936604524e-07	MATURITY-ONSET DIABETES OF THE YOUNG, TYPE 2
269200	3.40383126224518e-07	NA
601941	3.39161636748483e-07	NA
612780	3.32253945522365e-07	NA
615961	3.11600954412066e-07	NA
262190	3.02908032116765e-07	NA
557000	2.99729695583499e-07	NA
610199	2.9733793562881e-07	NA
210740	2.9290953201951e-07	NA
249599	2.9290953201951e-07	NA
240300	2.91364304596857e-07	NA
223500	2.8403261324374e-07	NA
207780	2.8093706791309e-07	NA
602475	2.78440128785283e-07	NA
613677	2.72723003972889e-07	NA
125850	2.72290310349369e-07	MATURITY-ONSET DIABETES OF THE YOUNG
166700	2.70941338492756e-07	NA
209010	2.70941338492756e-07	NA
241080	2.70941338492756e-07	NA
560000	2.70941338492756e-07	NA
615954	2.55824645823014e-07	NA
147630	2.54487442215305e-07	NA
240600	2.523451281062e-07	NA
263800	2.39143582262787e-07	NA
304900	2.37086685193e-07	NA
246200	2.33234284146775e-07	NA
601198	2.25348864491678e-07	NA
154020	2.16552782647901e-07	NA
611718	2.13023813396306e-07	NA
601820	2.10630665084362e-07	NA
615830	2.08588860976824e-07	NA
260370	2.0642119731014e-07	NA
607364	1.91336603921761e-07	NA
614496	1.89594720014322e-07	NA
606824	1.81791236358977e-07	NA
614033	1.79460599678028e-07	NA
118830	1.78130858086957e-07	NA
614495	1.74740374002567e-07	NA
260350	1.73960602285185e-07	NA
615962	1.65739424209923e-07	NA
276700	1.59639135544585e-07	NA
614492	1.57991619362678e-07	NA
608709	1.56289507286525e-07	NA
124060	1.49225947107446e-07	NA
300200	1.46645936798555e-07	NA
616095	1.43661503529268e-07	NA
125800	1.38694537983706e-07	DIABETES INSIPIDUS, NEUROHYPOPHYSEAL, X-LINKED
610600	1.38134754875426e-07	NA
219080	1.35825032284454e-07	NA
610475	1.35825032284454e-07	NA
610489	1.35825032284454e-07	NA
600496	1.34788053047589e-07	MATURITY-ONSET DIABETES OF THE YOUNG, TYPE 3
615517	1.31017324020359e-07	NA
601678	1.27027085123488e-07	NA
606394	1.25725268142364e-07	MATURITY-ONSET DIABETES OF THE YOUNG, TYPE 6
614491	1.23784242732332e-07	NA
132810	1.22275370425045e-07	NA
613090	1.22263087446937e-07	NA
241200	1.21470550966474e-07	NA
613327	1.11803708311963e-07	NA
600089	1.058631600454e-07	NA
608189	1.04633609644745e-07	NA
103230	1.02148997471024e-07	NA
103900	9.81446316444038e-08	NA
605911	9.76568576730536e-08	NA
614662	9.61631800179752e-08	NA
609812	9.53642413747548e-08	MATURITY-ONSET DIABETES OF THE YOUNG, TYPE 8
229500	9.49024261958407e-08	NA
167755	9.47470199800353e-08	NA
177200	9.25796849195787e-08	NA
263600	9.14236732644316e-08	NA
300539	8.87120312927667e-08	NA
145260	8.79970700620689e-08	NA
609197	8.68254515329332e-08	NA
208300	8.6525998743453e-08	NA
609975	8.58949612727957e-08	NA
151800	8.31443610394004e-08	NA
610021	8.03721511288164e-08	NA
143860	7.97687104599418e-08	NA
605115	7.87744327719135e-08	NA
609734	7.78950018951797e-08	NA
229800	7.76112562764224e-08	NA
138040	7.40498146707899e-08	NA
167770	6.92634504684548e-08	NA
613347	6.90105549206185e-08	NA
126900	6.62650220470921e-08	NA
609968	6.38325696549473e-08	NA
260450	6.12929253815522e-08	NA
602485	5.96242141936277e-08	NA
613743	5.94017024551055e-08	NA
171200	5.94000320698108e-08	NA
209300	5.84655572609455e-08	NA
256450	5.64953053886527e-08	NA
174050	5.48952439718355e-08	NA
251120	5.40060106388022e-08	NA
613886	5.20538481800292e-08	NA
179820	4.03233165133772e-08	NA
600952	3.91712169348636e-08	NA
129840	3.90446240406036e-08	NA
606528	3.66102017360041e-08	NA
240150	3.62921009303228e-08	NA
177735	3.30425371251849e-08	NA
305700	2.96439326662798e-08	NA
203400	2.90476894425555e-08	NA
241150	2.83813118104928e-08	NA
240800	2.60974569391707e-08	NA
264350	2.40446470123726e-08	NA
304800	2.39986453995918e-08	DIABETES INSIPIDUS, NEPHROGENIC, 1, X-LINKED
615361	2.12847641568391e-08	NA
218030	1.97955942110615e-08	NA
600166	1.84621793634285e-08	NA
239350	1.68426405190246e-08	NA
240200	1.68258313511746e-08	NA
600955	1.63866087352474e-08	NA
214700	1.53624470905124e-08	NA
602722	1.29961970402888e-08	NA
239199	9.23688750526467e-09	NA
143880	6.83420168967024e-09	NA
212067	5.91110118803538e-09	NA
source	0	NA
target	0	NA
