DiseaseID	Score	DiseaseName
143890	1.15224987284013e-05	HYPERCHOLESTEROLEMIA, FAMILIAL, 1
601665	9.96736976922329e-06	NA
222100	7.7614628860678e-06	TYPE 1 DIABETES MELLITUS
601410	7.12182901013494e-06	TYPE 1 DIABETES MELLITUS 2
608594	6.41225280971431e-06	NA
269700	5.30042799738202e-06	NA
615474	5.05095885001091e-06	NA
613375	4.57960781098179e-06	MATURITY-ONSET DIABETES OF THE YOUNG, TYPE 11
615703	4.54986244600425e-06	NA
614736	4.1704747048293e-06	NA
610947	4.08594727529093e-06	NA
603813	3.83484047630422e-06	HYPERCHOLESTEROLEMIA, FAMILIAL, 4
614190	3.58167482098305e-06	NA
219090	3.53881226051153e-06	NA
605814	3.48824554185796e-06	NA
616192	3.42561542980899e-06	NA
615158	3.38842985106696e-06	NA
602014	3.25379737069437e-06	NA
151660	3.05134215402039e-06	NA
125853	2.84717641129932e-06	TYPE 2 DIABETES MELLITUS
167800	2.71067715406417e-06	NA
603776	2.61521209071356e-06	HYPERCHOLESTEROLEMIA, FAMILIAL, 3
602522	2.5173435648399e-06	NA
144250	1.61520180295192e-06	NA
238600	1.39906746589147e-06	NA
240900	4.60532558468979e-07	NA
125852	4.49006853581024e-07	NA
616214	4.42229643536392e-07	NA
602025	3.99420616234419e-07	NA
615457	3.93407854384242e-07	NA
190430	3.86700261481515e-07	NA
614028	3.43682589256211e-07	NA
203800	3.43013452946907e-07	NA
602247	3.26965346378812e-07	NA
613677	3.22330893183475e-07	NA
107741	3.02875245173298e-07	NA
144650	2.95184067852434e-07	NA
262190	2.87263677675357e-07	NA
144300	2.83978119909484e-07	NA
144400	2.8085321644287e-07	NA
613877	2.79356569736955e-07	NA
616511	2.65861015047309e-07	MATURITY-ONSET DIABETES OF THE YOUNG, TYPE 14
144010	2.65481114444709e-07	HYPERCHOLESTEROLEMIA, FAMILIAL, 2
612520	2.64291499190201e-07	NA
608600	2.61140294926966e-07	NA
612526	2.53029253969656e-07	NA
136120	2.51280055425877e-07	NA
604367	2.51186626428766e-07	NA
616329	2.4780699734977e-07	NA
304900	2.44780005528409e-07	NA
207750	2.36191701972171e-07	NA
240600	2.3116866299432e-07	NA
605019	2.29018362201998e-07	NA
147630	2.28370281499087e-07	NA
246200	2.22432877167574e-07	NA
277460	2.20576890880778e-07	NA
108725	2.20018885815882e-07	NA
601666	2.10916634284356e-07	NA
215720	2.02710142493071e-07	NA
612780	1.94812439353838e-07	NA
615238	1.9473441104294e-07	NA
145750	1.9219169437497e-07	NA
615954	1.88872587543567e-07	NA
608320	1.85536349095544e-07	NA
223500	1.81699240693915e-07	NA
125800	1.80668838770834e-07	DIABETES INSIPIDUS, NEUROHYPOPHYSEAL, X-LINKED
614496	1.62628229993719e-07	NA
610374	1.57123795514398e-07	NA
614492	1.56271303840895e-07	NA
607364	1.55545771980555e-07	NA
614495	1.51663673783695e-07	NA
615962	1.46892845413088e-07	NA
144600	1.44955190855015e-07	NA
615830	1.43433047547255e-07	NA
306000	1.3851350425418e-07	NA
260350	1.36316908118681e-07	NA
263800	1.32220248401259e-07	NA
219080	1.31951615636281e-07	NA
610475	1.31951615636281e-07	NA
610489	1.31951615636281e-07	NA
260370	1.29731716772496e-07	NA
614491	1.29329472754996e-07	NA
608709	1.26878274745722e-07	NA
601820	1.24940401232377e-07	NA
601198	1.19341680620444e-07	NA
601942	1.15559842829149e-07	NA
615160	1.14923833345247e-07	NA
613327	1.13422983917919e-07	NA
154020	1.13266159739039e-07	NA
611718	1.11583568049003e-07	NA
610508	1.05171850831178e-07	MATURITY-ONSET DIABETES OF THE YOUNG, TYPE 7
300200	1.0016926550184e-07	NA
615812	9.87687414891796e-08	NA
610600	9.65659010850454e-08	NA
125851	9.54602101186221e-08	MATURITY-ONSET DIABETES OF THE YOUNG, TYPE 2
125850	9.47645799397984e-08	MATURITY-ONSET DIABETES OF THE YOUNG
177200	9.4420285554779e-08	NA
103900	9.21588856401462e-08	NA
606824	9.05098627122974e-08	NA
145260	9.02778314766129e-08	NA
300539	8.7781579584078e-08	NA
613090	8.62517212206355e-08	NA
152200	8.56478156483982e-08	NA
601678	8.2773068384372e-08	NA
615947	8.19613533045701e-08	NA
605115	7.88828167639552e-08	NA
191540	7.76487220047829e-08	NA
241200	7.72460335016251e-08	NA
606392	6.6474341562776e-08	MATURITY-ONSET DIABETES OF THE YOUNG, TYPE 4
118830	6.59885666504795e-08	NA
143470	6.40125220941162e-08	NA
229500	6.28529279234279e-08	NA
614025	6.27763644071677e-08	NA
613370	6.23289768990354e-08	MATURITY-ONSET DIABETES OF THE YOUNG, TYPE 10
600496	6.09805364116714e-08	MATURITY-ONSET DIABETES OF THE YOUNG, TYPE 3
614662	6.09262831930991e-08	NA
606721	5.98563150045661e-08	NA
612671	5.9210606897116e-08	NA
613743	5.7891658933243e-08	NA
612225	5.782314591017e-08	MATURITY-ONSET DIABETES OF THE YOUNG, TYPE 9
276700	5.75432805132246e-08	NA
143860	5.71282299042381e-08	NA
268040	5.71177296834711e-08	NA
608189	5.66172380190814e-08	NA
600089	5.49226748225455e-08	NA
610582	5.42848164586179e-08	NA
612227	5.41854522913925e-08	NA
606394	5.30266655067173e-08	MATURITY-ONSET DIABETES OF THE YOUNG, TYPE 6
103230	5.26802842714469e-08	NA
609734	5.23593009483444e-08	NA
616095	5.20648036455322e-08	NA
613886	5.11735306628153e-08	NA
605911	5.01680924023897e-08	NA
171200	4.99731384752461e-08	NA
232220	4.95940474475076e-08	NA
167755	4.8913595896348e-08	NA
615751	4.85963406103904e-08	NA
615026	4.67534821199544e-08	NA
614033	4.66969471765831e-08	NA
126900	4.55768278624307e-08	NA
609975	4.3340736221711e-08	NA
208300	4.25911020850641e-08	NA
609812	4.25147325091161e-08	MATURITY-ONSET DIABETES OF THE YOUNG, TYPE 8
151800	4.17076862278566e-08	NA
229800	4.15452493394741e-08	NA
613347	4.07911608585693e-08	NA
138900	4.06460073077961e-08	NA
609197	3.91667696281399e-08	NA
167770	3.87672782640285e-08	NA
263600	3.873384417145e-08	NA
269200	3.6441712620661e-08	NA
191530	3.64060004430164e-08	NA
126150	3.6353618056032e-08	NA
260450	3.53579949607093e-08	NA
232200	3.42920632992584e-08	NA
209300	3.40217435081944e-08	NA
177735	3.05398295738931e-08	NA
174050	3.01479371162158e-08	NA
601941	2.9492707844813e-08	NA
557000	2.86674495091408e-08	NA
205400	2.84496502289818e-08	NA
305700	2.75381943667823e-08	NA
256450	2.718974492123e-08	NA
610021	2.55027121909039e-08	NA
203400	2.45191286278134e-08	NA
609968	2.3295897874894e-08	NA
304800	2.1223892243467e-08	DIABETES INSIPIDUS, NEPHROGENIC, 1, X-LINKED
240150	2.08044421277061e-08	NA
241150	2.05512720244218e-08	NA
615961	2.03554668909159e-08	NA
232240	2.00878973874121e-08	NA
264350	2.00722174428018e-08	NA
218030	1.91051449508161e-08	NA
251120	1.87515889957982e-08	NA
245900	1.86695538294241e-08	NA
138040	1.80846761264889e-08	NA
207780	1.80639719793944e-08	NA
610199	1.62743700234546e-08	NA
109160	1.59147624149621e-08	NA
129840	1.57248510272044e-08	NA
240200	1.56901392940622e-08	NA
615517	1.50386965424048e-08	NA
602485	1.41281017172476e-08	NA
607616	1.30525194630496e-08	NA
239350	1.28609027216787e-08	NA
606528	1.28097972253698e-08	NA
109600	1.25627189067337e-08	NA
214700	1.21935113092839e-08	NA
179820	1.20834318919073e-08	NA
602475	1.16196985630802e-08	NA
606762	1.08320990814762e-08	NA
240300	1.07176395865848e-08	NA
615361	1.05684839956673e-08	NA
600955	1.04516531458038e-08	NA
601223	1.03785567262343e-08	NA
194470	1.00151314208362e-08	NA
200100	9.26779712218498e-09	NA
615558	9.26779712218498e-09	NA
210740	9.2228497718465e-09	NA
249599	9.2228497718465e-09	NA
600952	8.64072102760852e-09	NA
166700	8.53115834397286e-09	NA
209010	8.53115834397286e-09	NA
241080	8.53115834397286e-09	NA
560000	8.53115834397286e-09	NA
150170	7.8408784562457e-09	NA
143880	7.11475298951196e-09	NA
168820	6.9084345260015e-09	NA
177600	6.89482782106621e-09	NA
145270	6.5241381337693e-09	NA
602722	5.79938462756827e-09	NA
239199	5.74910699393983e-09	NA
232900	5.33889921217868e-09	NA
124060	5.04310783383332e-09	NA
132810	4.85028789541185e-09	NA
600166	4.31366009259707e-09	NA
240800	3.6761496075478e-09	NA
212067	3.12898652411598e-09	NA
source	0	NA
target	0	NA
