DiseaseID	Score	DiseaseName
143890	1.64375316933145e-05	HYPERCHOLESTEROLEMIA, FAMILIAL, 1
601665	8.22562406504958e-06	NA
603776	7.1678893853107e-06	HYPERCHOLESTEROLEMIA, FAMILIAL, 3
602522	6.96473794865752e-06	NA
615158	6.94245246913277e-06	NA
613375	6.78311161349772e-06	MATURITY-ONSET DIABETES OF THE YOUNG, TYPE 11
601410	6.73959407215353e-06	TYPE 1 DIABETES MELLITUS 2
222100	6.39715200480026e-06	TYPE 1 DIABETES MELLITUS
269700	6.25351849679405e-06	NA
615474	5.50643025770997e-06	NA
603813	5.21057192247853e-06	HYPERCHOLESTEROLEMIA, FAMILIAL, 4
125853	4.5812520000206e-06	TYPE 2 DIABETES MELLITUS
610947	4.4211739315085e-06	NA
219090	3.98770022438522e-06	NA
151660	3.91773632277477e-06	NA
616192	3.87344512249242e-06	NA
608594	3.47575409597678e-06	NA
167800	3.42754774286113e-06	NA
615703	3.11920030303759e-06	NA
614736	3.0698567469474e-06	NA
614190	2.97305974815961e-06	NA
602014	2.92029624236512e-06	NA
605814	2.87061796551061e-06	NA
144250	1.96603100327002e-06	NA
238600	1.65730212183911e-06	NA
602247	4.85345374836352e-07	NA
125852	4.58706209558194e-07	NA
144300	4.36084142561789e-07	NA
144400	4.34954105473548e-07	NA
616214	4.32452774005023e-07	NA
240900	4.06857660360026e-07	NA
614028	4.0235772118392e-07	NA
107741	3.86884709984317e-07	NA
144010	3.71731474017237e-07	HYPERCHOLESTEROLEMIA, FAMILIAL, 2
602025	3.58835787205584e-07	NA
615457	3.53460973838081e-07	NA
144650	3.49925005246883e-07	NA
136120	3.4785841741083e-07	NA
190430	3.47593686566067e-07	NA
207750	3.24525154911254e-07	NA
304900	3.17756187216894e-07	NA
203800	3.16945331034951e-07	NA
616511	3.15413726412339e-07	MATURITY-ONSET DIABETES OF THE YOUNG, TYPE 14
277460	3.10309184488981e-07	NA
613677	3.09325072634303e-07	NA
612780	2.92615772427228e-07	NA
108725	2.88833594416881e-07	NA
612520	2.7956930483482e-07	NA
607364	2.69900774671384e-07	NA
616329	2.6960665136595e-07	NA
605019	2.65181377056532e-07	NA
262190	2.55940007896121e-07	NA
608320	2.45047226276365e-07	NA
608600	2.45007553109159e-07	NA
613877	2.43076257507096e-07	NA
145750	2.41378295741376e-07	NA
612526	2.36043204051464e-07	NA
604367	2.32344832061821e-07	NA
240600	2.31305714120241e-07	NA
601666	2.19935150419827e-07	NA
147630	2.10876444475471e-07	NA
246200	2.03350616549081e-07	NA
610600	2.02954500912482e-07	NA
614496	1.95969911008124e-07	NA
613090	1.94253586071161e-07	NA
615954	1.93538390094858e-07	NA
601678	1.90439988394236e-07	NA
614492	1.89977646976897e-07	NA
215720	1.88354028661158e-07	NA
223500	1.88116433834085e-07	NA
610374	1.84064031917538e-07	NA
241200	1.83420898926091e-07	NA
614495	1.82079307596594e-07	NA
144600	1.79350365625859e-07	NA
615962	1.62191008828604e-07	NA
125800	1.56952607064846e-07	DIABETES INSIPIDUS, NEUROHYPOPHYSEAL, X-LINKED
610508	1.54083216424486e-07	MATURITY-ONSET DIABETES OF THE YOUNG, TYPE 7
608709	1.48689120891395e-07	NA
125851	1.46407741162104e-07	MATURITY-ONSET DIABETES OF THE YOUNG, TYPE 2
615830	1.4542367766426e-07	NA
615238	1.44291312894917e-07	NA
125850	1.44003984218408e-07	MATURITY-ONSET DIABETES OF THE YOUNG
615160	1.36909009326391e-07	NA
614491	1.35490431829307e-07	NA
219080	1.33747223580257e-07	NA
610475	1.33747223580257e-07	NA
610489	1.33747223580257e-07	NA
260370	1.32937267229298e-07	NA
263800	1.32796554003786e-07	NA
260350	1.29051871491375e-07	NA
601820	1.28049404239205e-07	NA
306000	1.27897476821767e-07	NA
143470	1.27106693500145e-07	NA
601198	1.16676564652186e-07	NA
601942	1.13055858037058e-07	NA
606824	1.07569015689035e-07	NA
103900	1.0716266644435e-07	NA
177200	1.0593426217148e-07	NA
611718	1.03756698453162e-07	NA
154020	1.02599680380828e-07	NA
300539	1.00229600333039e-07	NA
145260	9.95885325634077e-08	NA
300200	9.92412851996312e-08	NA
152200	9.8436705606364e-08	NA
229500	9.66875738264858e-08	NA
606392	9.53410982765113e-08	MATURITY-ONSET DIABETES OF THE YOUNG, TYPE 4
126150	9.32977620871901e-08	NA
191530	9.27491452319839e-08	NA
613370	8.86530459287955e-08	MATURITY-ONSET DIABETES OF THE YOUNG, TYPE 10
600496	8.8438697797248e-08	MATURITY-ONSET DIABETES OF THE YOUNG, TYPE 3
605115	8.58682110896201e-08	NA
616095	8.48984686526852e-08	NA
615812	8.48390790484672e-08	NA
118830	8.38831201023732e-08	NA
191540	8.30254818251115e-08	NA
612225	8.24327427631008e-08	MATURITY-ONSET DIABETES OF THE YOUNG, TYPE 9
614025	8.21238247920711e-08	NA
610582	8.16267083951533e-08	NA
615751	8.1300215887962e-08	NA
615026	8.03707096198948e-08	NA
614033	8.03280823535425e-08	NA
143860	7.98457931900709e-08	NA
614662	7.96696277124204e-08	NA
600089	7.84826117724133e-08	NA
606394	7.7185151553559e-08	MATURITY-ONSET DIABETES OF THE YOUNG, TYPE 6
229800	7.60088134360544e-08	NA
615947	7.40043011960055e-08	NA
606721	7.36565677536938e-08	NA
609975	7.27528927597422e-08	NA
263600	7.2704521392396e-08	NA
609197	7.11852015374521e-08	NA
609734	7.05275007772921e-08	NA
613327	6.97840948551466e-08	NA
608189	6.76767397735222e-08	NA
126900	6.75558549798809e-08	NA
612671	6.62404730545102e-08	NA
612227	6.53562400494252e-08	NA
605911	6.05464521119675e-08	NA
167755	5.84284959732717e-08	NA
613743	5.78445910073648e-08	NA
232220	5.75830155663384e-08	NA
609812	5.29850744610077e-08	MATURITY-ONSET DIABETES OF THE YOUNG, TYPE 8
208300	5.24709910966641e-08	NA
151800	5.05108047493414e-08	NA
276700	5.00797925811808e-08	NA
613347	4.94552982347928e-08	NA
167770	4.76999660771604e-08	NA
103230	4.64161017569425e-08	NA
613886	4.59842575270177e-08	NA
171200	4.48010647845116e-08	NA
269200	4.39986991184204e-08	NA
260450	4.36633112863837e-08	NA
268040	4.3123932603886e-08	NA
209300	4.2001765761711e-08	NA
232200	4.00422178134265e-08	NA
205400	3.84679609395181e-08	NA
174050	3.80608457278369e-08	NA
177735	3.7820974301085e-08	NA
138900	3.50163493810752e-08	NA
601941	3.26678813882924e-08	NA
203400	3.21178566428925e-08	NA
304800	2.95878210763202e-08	DIABETES INSIPIDUS, NEPHROGENIC, 1, X-LINKED
610021	2.93344733342848e-08	NA
264350	2.90596407182369e-08	NA
256450	2.75327851712251e-08	NA
241150	2.72399727663946e-08	NA
609968	2.69769512945396e-08	NA
557000	2.67142437414291e-08	NA
232240	2.55236802689129e-08	NA
245900	2.50485356433038e-08	NA
305700	2.45524000550392e-08	NA
240150	2.41019191144582e-08	NA
218030	2.30092494247553e-08	NA
615961	2.13898438864571e-08	NA
138040	2.04980491496095e-08	NA
615517	1.98164302854981e-08	NA
251120	1.97742125025398e-08	NA
214700	1.95327960587368e-08	NA
109160	1.9041552159591e-08	NA
109600	1.86356268516003e-08	NA
240200	1.84725430698955e-08	NA
601223	1.80581664544017e-08	NA
207780	1.75757174490086e-08	NA
610199	1.73224296111487e-08	NA
194470	1.72412083823046e-08	NA
129840	1.70194883731045e-08	NA
239350	1.63540754330135e-08	NA
607616	1.63494817961275e-08	NA
602485	1.55931102705107e-08	NA
179820	1.55624753833482e-08	NA
606528	1.49843798258194e-08	NA
615361	1.45042829497228e-08	NA
606762	1.31243447968706e-08	NA
168820	1.27265370330816e-08	NA
602475	1.26176323784341e-08	NA
600955	1.15740860469087e-08	NA
240300	1.15006160711028e-08	NA
177600	1.11514722875522e-08	NA
145270	1.1073317361322e-08	NA
200100	1.09190387023141e-08	NA
615558	1.09190387023141e-08	NA
600952	1.03905200222762e-08	NA
239199	1.03272111525287e-08	NA
124060	9.63634502761501e-09	NA
210740	9.57912777676199e-09	NA
249599	9.57912777676199e-09	NA
150170	9.3656394591349e-09	NA
166700	8.86071568245225e-09	NA
209010	8.86071568245225e-09	NA
241080	8.86071568245225e-09	NA
560000	8.86071568245225e-09	NA
143880	8.59025020381308e-09	NA
132810	7.48256108306947e-09	NA
602722	6.88124964507283e-09	NA
232900	5.71664112728986e-09	NA
600166	5.688829005409e-09	NA
212067	5.28200521290706e-09	NA
240800	4.81933385938783e-09	NA
source	0	NA
target	0	NA
