DiseaseID	Score	DiseaseName
143890	1.36288154894275e-05	HYPERCHOLESTEROLEMIA, FAMILIAL, 1
601410	8.37735563543008e-06	TYPE 1 DIABETES MELLITUS 2
222100	7.44215209629375e-06	TYPE 1 DIABETES MELLITUS
601665	7.09770833099921e-06	NA
614736	6.5936276942832e-06	NA
615703	6.34073274147742e-06	NA
167800	5.28291407881609e-06	NA
610947	5.27435757300694e-06	NA
613375	5.11424089822258e-06	MATURITY-ONSET DIABETES OF THE YOUNG, TYPE 11
603813	4.83458491387857e-06	HYPERCHOLESTEROLEMIA, FAMILIAL, 4
219090	4.45672905427058e-06	NA
608594	4.23944803558888e-06	NA
616192	4.21598876291734e-06	NA
615158	3.98429544506743e-06	NA
615474	3.87526082062292e-06	NA
125853	3.77998025458924e-06	TYPE 2 DIABETES MELLITUS
151660	3.56900949345314e-06	NA
605814	3.45320085463018e-06	NA
269700	2.99516552919686e-06	NA
602522	2.99007213314528e-06	NA
144250	2.69060011910237e-06	NA
614190	2.65614859123787e-06	NA
602014	2.64107517858568e-06	NA
603776	2.56353063508189e-06	HYPERCHOLESTEROLEMIA, FAMILIAL, 3
238600	2.43571449285425e-06	NA
125852	5.02184016295525e-07	NA
616214	4.93883534613958e-07	NA
602247	4.00593897793096e-07	NA
240900	4.00087323473558e-07	NA
614028	3.96089659669911e-07	NA
107741	3.80869685019687e-07	NA
144650	3.45915952881972e-07	NA
144300	3.42171440032332e-07	NA
616511	3.3489441002751e-07	MATURITY-ONSET DIABETES OF THE YOUNG, TYPE 14
144400	3.30473677163296e-07	NA
144010	3.28128158119615e-07	HYPERCHOLESTEROLEMIA, FAMILIAL, 2
612520	3.23288961109204e-07	NA
203800	3.15363132923181e-07	NA
616329	3.10504081856731e-07	NA
136120	3.10194167965904e-07	NA
602025	3.06304413017995e-07	NA
207750	3.03847043756583e-07	NA
615457	3.01509357803253e-07	NA
190430	2.94784193254695e-07	NA
613677	2.86375139823773e-07	NA
108725	2.7829352939288e-07	NA
277460	2.63072674757556e-07	NA
147630	2.58888237134991e-07	NA
605019	2.56880972175196e-07	NA
601666	2.53891988287696e-07	NA
145750	2.47891766756425e-07	NA
304900	2.46642446105926e-07	NA
215720	2.39884434671801e-07	NA
262190	2.35897932210875e-07	NA
613877	2.32773351053273e-07	NA
608320	2.31654029115014e-07	NA
240600	2.27814752590708e-07	NA
615954	2.25304765383752e-07	NA
223500	2.17980272626246e-07	NA
608600	1.96906884297631e-07	NA
144600	1.91631347264695e-07	NA
610374	1.90501015623289e-07	NA
612526	1.87810691172312e-07	NA
604367	1.8699165583754e-07	NA
612780	1.82846424959608e-07	NA
615238	1.80595866758026e-07	NA
260370	1.74989045367994e-07	NA
125800	1.74502080872808e-07	DIABETES INSIPIDUS, NEUROHYPOPHYSEAL, X-LINKED
601820	1.65233584350005e-07	NA
246200	1.61043152658833e-07	NA
615160	1.55072135360332e-07	NA
615830	1.54601201195681e-07	NA
306000	1.54405057052943e-07	NA
260350	1.52773270280628e-07	NA
615962	1.50187106095299e-07	NA
607364	1.49578715516032e-07	NA
219080	1.40972137474987e-07	NA
610475	1.40972137474987e-07	NA
610489	1.40972137474987e-07	NA
614496	1.40051697089539e-07	NA
601942	1.36696283706871e-07	NA
614492	1.32916776904982e-07	NA
606824	1.29759724297781e-07	NA
614495	1.29477323121352e-07	NA
610508	1.27894947824644e-07	MATURITY-ONSET DIABETES OF THE YOUNG, TYPE 7
615947	1.18429764794327e-07	NA
152200	1.17338697228859e-07	NA
118830	1.15299947262839e-07	NA
125851	1.14915325446999e-07	MATURITY-ONSET DIABETES OF THE YOUNG, TYPE 2
300200	1.14903247719449e-07	NA
615812	1.14515673321273e-07	NA
125850	1.13106501138046e-07	MATURITY-ONSET DIABETES OF THE YOUNG
263800	1.10934033215384e-07	NA
610600	1.048054421678e-07	NA
614491	1.0133090063499e-07	NA
608189	9.9139684099578e-08	NA
601198	9.89369581119895e-08	NA
613090	9.44326665405915e-08	NA
191540	9.32383173953482e-08	NA
608709	9.32048705570346e-08	NA
154020	9.21652924545198e-08	NA
611718	9.14917629566086e-08	NA
601678	9.12179173920041e-08	NA
103900	9.05968953618742e-08	NA
612227	8.73167737029599e-08	NA
614025	8.685498697287e-08	NA
241200	8.60683918943648e-08	NA
606392	8.38568028151072e-08	MATURITY-ONSET DIABETES OF THE YOUNG, TYPE 4
167755	8.32973846062949e-08	NA
613327	7.92034627805744e-08	NA
600496	7.72854464726999e-08	MATURITY-ONSET DIABETES OF THE YOUNG, TYPE 3
609812	7.59325201821271e-08	MATURITY-ONSET DIABETES OF THE YOUNG, TYPE 8
177200	7.57728845928019e-08	NA
612671	7.52840420087994e-08	NA
268040	7.48046929142239e-08	NA
208300	7.39757401273207e-08	NA
613347	7.38982558058944e-08	NA
613370	7.22432841031527e-08	MATURITY-ONSET DIABETES OF THE YOUNG, TYPE 10
145260	7.19506066895138e-08	NA
600089	7.18945291139656e-08	NA
167770	7.14459634310289e-08	NA
143860	7.09409103221808e-08	NA
143470	7.05083413879495e-08	NA
300539	7.0331810040502e-08	NA
610582	7.01746002946329e-08	NA
232220	6.8779184876215e-08	NA
229500	6.84470591981481e-08	NA
612225	6.72809239474358e-08	MATURITY-ONSET DIABETES OF THE YOUNG, TYPE 9
260450	6.60394113010657e-08	NA
614662	6.59904339735619e-08	NA
606721	6.53392647229671e-08	NA
269200	6.3886431686044e-08	NA
209300	6.36255564537243e-08	NA
605115	6.32731879705462e-08	NA
616095	6.25206459510868e-08	NA
606394	6.01421226264702e-08	MATURITY-ONSET DIABETES OF THE YOUNG, TYPE 6
174050	5.814694699515e-08	NA
605911	5.71959354457572e-08	NA
609734	5.68823316750621e-08	NA
126900	5.66981253203126e-08	NA
615751	5.6413641342243e-08	NA
615026	5.61923696433629e-08	NA
614033	5.57845930792904e-08	NA
276700	5.33621864930585e-08	NA
232200	5.27013021588023e-08	NA
229800	4.88064068721412e-08	NA
609975	4.76355085600835e-08	NA
613743	4.71635187490998e-08	NA
151800	4.62718977327404e-08	NA
609197	4.62059973100807e-08	NA
263600	4.60342100020176e-08	NA
103230	4.21241379513048e-08	NA
171200	4.09217923035762e-08	NA
613886	3.91473550203191e-08	NA
191530	3.67153882477211e-08	NA
126150	3.66097604655846e-08	NA
601941	3.51754784673342e-08	NA
240150	3.48151058869807e-08	NA
205400	3.42990008950158e-08	NA
138900	3.39093751792291e-08	NA
610021	3.22870242505906e-08	NA
557000	3.11579140117861e-08	NA
256450	2.87488626915093e-08	NA
177735	2.86026791993927e-08	NA
609968	2.59931131931251e-08	NA
203400	2.47947136685051e-08	NA
232240	2.46396403700435e-08	NA
615961	2.41809539385992e-08	NA
251120	2.32005411978076e-08	NA
305700	2.23978265845051e-08	NA
245900	2.21202317741711e-08	NA
304800	2.20203935087664e-08	DIABETES INSIPIDUS, NEPHROGENIC, 1, X-LINKED
610199	1.95784074772049e-08	NA
241150	1.93559730612889e-08	NA
264350	1.92195603911933e-08	NA
109160	1.81593369644477e-08	NA
129840	1.70635085180083e-08	NA
207780	1.69202817294046e-08	NA
218030	1.67941589217579e-08	NA
606528	1.63507919527501e-08	NA
138040	1.61127731374129e-08	NA
602485	1.60515778440682e-08	NA
607616	1.55107873377619e-08	NA
179820	1.42855289062407e-08	NA
602475	1.40235026227362e-08	NA
240300	1.38516226841134e-08	NA
109600	1.3836191107655e-08	NA
240200	1.32689752906485e-08	NA
615517	1.32078300715769e-08	NA
239350	1.25322846306656e-08	NA
606762	1.23209696136501e-08	NA
600955	1.22154494956147e-08	NA
214700	1.22092831883743e-08	NA
601223	1.17507817399893e-08	NA
194470	1.14520327044382e-08	NA
210740	1.0830741105373e-08	NA
249599	1.0830741105373e-08	NA
615558	1.07718280882756e-08	NA
200100	1.07718280882756e-08	NA
600952	1.0157932524561e-08	NA
166700	1.00184575699461e-08	NA
209010	1.00184575699461e-08	NA
241080	1.00184575699461e-08	NA
560000	1.00184575699461e-08	NA
615361	9.62484412295061e-09	NA
150170	9.55394326281041e-09	NA
177600	7.96603654864406e-09	NA
602722	7.92557029979489e-09	NA
168820	7.79242254094716e-09	NA
145270	7.58177881695651e-09	NA
143880	7.12052237023073e-09	NA
239199	6.34067506720417e-09	NA
232900	6.0858952599316e-09	NA
132810	5.70151728725138e-09	NA
124060	5.45213153915344e-09	NA
600166	5.28137516055601e-09	NA
240800	4.11550818623273e-09	NA
212067	3.55976311055576e-09	NA
source	0	NA
target	0	NA
