DiseaseID	Score	DiseaseName
143890	1.2010323319581e-05	HYPERCHOLESTEROLEMIA, FAMILIAL, 1
222100	8.83002240158304e-06	TYPE 1 DIABETES MELLITUS
601410	8.69690900516395e-06	TYPE 1 DIABETES MELLITUS 2
601665	8.36828252033202e-06	NA
613375	7.31316924831064e-06	MATURITY-ONSET DIABETES OF THE YOUNG, TYPE 11
610947	6.55799315145508e-06	NA
219090	6.08602791219393e-06	NA
615703	5.76173800355577e-06	NA
616192	5.6956831208788e-06	NA
151660	5.61294957398052e-06	NA
269700	5.03453083027935e-06	NA
615474	4.98807323407099e-06	NA
603776	4.73722467479714e-06	HYPERCHOLESTEROLEMIA, FAMILIAL, 3
167800	4.51057392492044e-06	NA
605814	4.11805145243678e-06	NA
614736	4.11304187039781e-06	NA
615158	3.76999830471757e-06	NA
608594	3.76073032623088e-06	NA
603813	3.22901802274091e-06	HYPERCHOLESTEROLEMIA, FAMILIAL, 4
125853	3.13747325021973e-06	TYPE 2 DIABETES MELLITUS
602014	2.92041628422444e-06	NA
602522	2.68911324636445e-06	NA
144250	2.66013339483489e-06	NA
238600	2.41074934122583e-06	NA
614190	2.33293509568606e-06	NA
125852	5.71340892067997e-07	NA
616214	5.07381830160821e-07	NA
614028	4.41910840418243e-07	NA
240900	4.3209391758045e-07	NA
203800	3.89410551719174e-07	NA
602247	3.86947859784202e-07	NA
612520	3.84232945372649e-07	NA
144650	3.73785180359902e-07	NA
602025	3.70835986648613e-07	NA
615457	3.65235804173081e-07	NA
616511	3.63829304529515e-07	MATURITY-ONSET DIABETES OF THE YOUNG, TYPE 14
190430	3.58081398454145e-07	NA
616329	3.42176351510843e-07	NA
107741	3.37619688305395e-07	NA
613677	3.31249005347953e-07	NA
144300	3.30200137525065e-07	NA
144400	3.20132496694133e-07	NA
108725	3.16175611603654e-07	NA
601666	2.98461822152282e-07	NA
144010	2.88250720766155e-07	HYPERCHOLESTEROLEMIA, FAMILIAL, 2
605019	2.86270527288834e-07	NA
136120	2.85127149733364e-07	NA
147630	2.81209094081503e-07	NA
207750	2.77639381948741e-07	NA
613877	2.76057626576384e-07	NA
304900	2.72057652246463e-07	NA
145750	2.71180930444747e-07	NA
262190	2.69834443125583e-07	NA
615954	2.66603987239755e-07	NA
223500	2.5961959149798e-07	NA
240600	2.57968428114918e-07	NA
608320	2.56935174580064e-07	NA
608600	2.51507432998816e-07	NA
215720	2.4401503775936e-07	NA
604367	2.42165095760839e-07	NA
612526	2.41652331804508e-07	NA
277460	2.27976535625993e-07	NA
246200	2.09222389677025e-07	NA
125800	2.05060396059612e-07	DIABETES INSIPIDUS, NEUROHYPOPHYSEAL, X-LINKED
615962	1.96405888448049e-07	NA
144600	1.93546362198235e-07	NA
615238	1.93353507770699e-07	NA
610374	1.88804090752493e-07	NA
615830	1.88318304929319e-07	NA
612780	1.87622206083704e-07	NA
306000	1.74425758339741e-07	NA
219080	1.73550490700971e-07	NA
610475	1.73550490700971e-07	NA
610489	1.73550490700971e-07	NA
260370	1.70813321284806e-07	NA
607364	1.5928976336229e-07	NA
260350	1.56936462707559e-07	NA
614496	1.51862392655489e-07	NA
601820	1.51203179340254e-07	NA
608709	1.47842500549722e-07	NA
614492	1.4358579135816e-07	NA
601942	1.43323725749286e-07	NA
610508	1.39619847465831e-07	MATURITY-ONSET DIABETES OF THE YOUNG, TYPE 7
614495	1.39079582290528e-07	NA
152200	1.34816757564487e-07	NA
125851	1.28860938259104e-07	MATURITY-ONSET DIABETES OF THE YOUNG, TYPE 2
125850	1.26969363112729e-07	MATURITY-ONSET DIABETES OF THE YOUNG
263800	1.21846416039699e-07	NA
615160	1.21678626030493e-07	NA
300200	1.18716295073452e-07	NA
615812	1.1441099147352e-07	NA
614491	1.13623586194774e-07	NA
191540	1.12648018587008e-07	NA
615947	1.12202233800859e-07	NA
601198	1.08250383334949e-07	NA
118830	1.04885352369656e-07	NA
154020	1.01817370810718e-07	NA
610600	1.01418232830389e-07	NA
611718	1.00672922116939e-07	NA
143470	9.76139005436366e-08	NA
606824	9.36656345730521e-08	NA
613370	9.35876644513912e-08	MATURITY-ONSET DIABETES OF THE YOUNG, TYPE 10
177200	9.26806966915093e-08	NA
612671	9.25269827382925e-08	NA
613090	8.97382276923828e-08	NA
606721	8.86322673382842e-08	NA
145260	8.8093961392166e-08	NA
612225	8.80156245654706e-08	MATURITY-ONSET DIABETES OF THE YOUNG, TYPE 9
608189	8.76315570314713e-08	NA
300539	8.68120655430875e-08	NA
601678	8.62619945490996e-08	NA
614662	8.62050242046205e-08	NA
606394	8.06922761008412e-08	MATURITY-ONSET DIABETES OF THE YOUNG, TYPE 6
103900	8.06891056454351e-08	NA
241200	8.06039763722802e-08	NA
612227	8.03294284900152e-08	NA
605115	7.86759083853624e-08	NA
606392	7.81075291074045e-08	MATURITY-ONSET DIABETES OF THE YOUNG, TYPE 4
613327	7.66689000943242e-08	NA
609734	7.63691974369482e-08	NA
167755	7.45574560962733e-08	NA
614025	7.33155294372198e-08	NA
600496	7.19190349584969e-08	MATURITY-ONSET DIABETES OF THE YOUNG, TYPE 3
268040	7.10986501792596e-08	NA
232220	6.9902567403217e-08	NA
151800	6.92591042132584e-08	NA
229500	6.9199968114029e-08	NA
609812	6.77245508060766e-08	MATURITY-ONSET DIABETES OF THE YOUNG, TYPE 8
208300	6.50615750620046e-08	NA
613347	6.4638542251941e-08	NA
610582	6.45699689455133e-08	NA
600089	6.4467197541714e-08	NA
143860	6.41525397134278e-08	NA
191530	6.39379917837852e-08	NA
126150	6.37206779864821e-08	NA
167770	6.23325128469002e-08	NA
276700	6.1080554737467e-08	NA
616095	6.06497936606678e-08	NA
269200	5.79105721226648e-08	NA
605911	5.73106817144649e-08	NA
260450	5.71065513644966e-08	NA
615751	5.5563477702584e-08	NA
209300	5.49705533066881e-08	NA
614033	5.46490338058522e-08	NA
615026	5.26307161463344e-08	NA
232200	5.21232900713127e-08	NA
126900	5.01974464211345e-08	NA
174050	4.98953288449675e-08	NA
229800	4.79158162082483e-08	NA
613886	4.7463288130777e-08	NA
609975	4.6791542951058e-08	NA
609197	4.4031050365838e-08	NA
263600	4.38265743879932e-08	NA
613743	4.35646635652872e-08	NA
138900	3.98724695017336e-08	NA
103230	3.80958677461878e-08	NA
601941	3.79819210918972e-08	NA
171200	3.77238826458531e-08	NA
557000	3.51431125181393e-08	NA
240150	3.47062229462477e-08	NA
205400	3.41143924635927e-08	NA
610021	3.28881185954159e-08	NA
177735	3.0391260959437e-08	NA
256450	3.02953763702521e-08	NA
609968	2.75812997383752e-08	NA
615961	2.67650551137199e-08	NA
203400	2.64708821582043e-08	NA
305700	2.56906702273537e-08	NA
232240	2.46286714723999e-08	NA
304800	2.34271294410206e-08	DIABETES INSIPIDUS, NEPHROGENIC, 1, X-LINKED
245900	2.23913870863905e-08	NA
610199	2.19998143056014e-08	NA
251120	2.1752747868619e-08	NA
241150	2.08814377378407e-08	NA
207780	2.06357434057483e-08	NA
264350	1.99580548323338e-08	NA
129840	1.95488982335611e-08	NA
109160	1.94567709839559e-08	NA
138040	1.92149731104326e-08	NA
218030	1.88890531381986e-08	NA
602485	1.73416568833493e-08	NA
109600	1.60084964417456e-08	NA
607616	1.59887664501928e-08	NA
179820	1.58314668327995e-08	NA
602475	1.58171400308447e-08	NA
601223	1.55358392476961e-08	NA
615517	1.52651047003294e-08	NA
240300	1.51437071386874e-08	NA
194470	1.49853256243021e-08	NA
240200	1.46147083793388e-08	NA
606528	1.4378920354066e-08	NA
239350	1.36673323733398e-08	NA
606762	1.29213146487266e-08	NA
600955	1.27718503068752e-08	NA
210740	1.26152126974912e-08	NA
249599	1.26152126974912e-08	NA
214700	1.2570829305693e-08	NA
200100	1.18251459341523e-08	NA
615558	1.18251459341523e-08	NA
166700	1.16690937068162e-08	NA
209010	1.16690937068162e-08	NA
241080	1.16690937068162e-08	NA
560000	1.16690937068162e-08	NA
600952	1.10014665304514e-08	NA
168820	1.04677312350055e-08	NA
150170	1.01399092152763e-08	NA
615361	1.006961771029e-08	NA
177600	9.9296380024497e-09	NA
145270	9.61412512678916e-09	NA
143880	7.9244679674825e-09	NA
124060	7.45342328582299e-09	NA
232900	7.10332603607361e-09	NA
602722	6.19695661150288e-09	NA
239199	6.09927492884753e-09	NA
132810	6.06807932505754e-09	NA
600166	5.32366977108919e-09	NA
240800	4.22961112005306e-09	NA
212067	3.48392561390693e-09	NA
source	0	NA
target	0	NA
