DiseaseID	Score	DiseaseName
602014	0.0019185118510182	NA
263800	6.71840217185231e-05	NA
612780	6.71280423857682e-05	NA
601198	6.63290643534931e-05	NA
154020	6.62541466695787e-05	NA
611718	6.41096154616728e-05	NA
143890	1.29565814195552e-05	HYPERCHOLESTEROLEMIA, FAMILIAL, 1
222100	8.02244294156927e-06	TYPE 1 DIABETES MELLITUS
601410	6.4021564700064e-06	TYPE 1 DIABETES MELLITUS 2
601678	6.34616414516556e-06	NA
601665	6.32526249039696e-06	NA
241200	6.25455870307776e-06	NA
219090	6.06040293531715e-06	NA
613375	5.24467853320234e-06	MATURITY-ONSET DIABETES OF THE YOUNG, TYPE 11
615158	5.14550744874599e-06	NA
602522	5.05348477265014e-06	NA
269700	4.90755228146721e-06	NA
609975	4.89134490622584e-06	NA
167800	4.52750460383116e-06	NA
603813	4.36035109177665e-06	HYPERCHOLESTEROLEMIA, FAMILIAL, 4
241150	4.27809590644413e-06	NA
610600	4.2509496885344e-06	NA
125853	4.21730626414272e-06	TYPE 2 DIABETES MELLITUS
614190	4.16618087908649e-06	NA
615361	4.12668223977854e-06	NA
608594	4.09187068420043e-06	NA
607364	3.98533775095936e-06	NA
615703	3.8528509624773e-06	NA
610947	3.85072742788403e-06	NA
605814	3.80386968249848e-06	NA
304900	3.74597640680276e-06	NA
151660	3.55963075445925e-06	NA
616192	3.47912542616872e-06	NA
615474	3.42059900357026e-06	NA
603776	3.39323639291081e-06	HYPERCHOLESTEROLEMIA, FAMILIAL, 3
300539	3.37735397823621e-06	NA
614736	3.18331004477584e-06	NA
613677	2.29716142269226e-06	NA
613090	2.16357888765405e-06	NA
239350	1.94605239593808e-06	NA
144250	1.88040807350269e-06	NA
613743	1.64703052977767e-06	NA
238600	1.63713996374641e-06	NA
203400	6.5161490932569e-07	NA
616214	6.11661624544117e-07	NA
304800	5.52856138801737e-07	DIABETES INSIPIDUS, NEPHROGENIC, 1, X-LINKED
125800	5.11981766235653e-07	DIABETES INSIPIDUS, NEUROHYPOPHYSEAL, X-LINKED
125852	4.81200603519937e-07	NA
177200	4.75232446630326e-07	NA
177735	4.25570334762562e-07	NA
239199	4.02371607640997e-07	NA
602247	3.70928779246734e-07	NA
614028	3.63892596925734e-07	NA
214700	3.49497701414307e-07	NA
203800	3.46711670655466e-07	NA
264350	3.38038939679689e-07	NA
240900	3.3245514803585e-07	NA
300200	3.30828135005591e-07	NA
107741	3.27160023987721e-07	NA
144300	3.24903625917218e-07	NA
144650	3.20913964988404e-07	NA
144400	3.1999478762566e-07	NA
614491	3.0707521125526e-07	NA
614496	2.99481401575764e-07	NA
144010	2.99119152473812e-07	HYPERCHOLESTEROLEMIA, FAMILIAL, 2
614492	2.88583082599672e-07	NA
616511	2.84467176659497e-07	MATURITY-ONSET DIABETES OF THE YOUNG, TYPE 14
136120	2.83177213833057e-07	NA
602025	2.7778073402566e-07	NA
615517	2.73942666713376e-07	NA
615457	2.73551368550098e-07	NA
190430	2.6822584437509e-07	NA
147630	2.6819994513043e-07	NA
207750	2.67755635177619e-07	NA
616329	2.59929329561486e-07	NA
612520	2.59838298076028e-07	NA
240600	2.55436147160793e-07	NA
277460	2.47947997528604e-07	NA
605019	2.4579635631088e-07	NA
262190	2.4169247185842e-07	NA
615954	2.40646769247286e-07	NA
145260	2.37747770740739e-07	NA
613877	2.34276236806398e-07	NA
108725	2.27942090110049e-07	NA
608600	2.26344350810453e-07	NA
605911	2.25733434335474e-07	NA
601666	2.19927474522718e-07	NA
612526	2.16075424729428e-07	NA
604367	2.16027117330071e-07	NA
614495	2.09245865846854e-07	NA
215720	2.09241458790299e-07	NA
615830	2.08569357415924e-07	NA
615962	2.08412304214226e-07	NA
145750	2.07290259361917e-07	NA
610021	2.06155673437875e-07	NA
143860	2.0179256566695e-07	NA
605115	2.01566168658704e-07	NA
609968	2.01199697478765e-07	NA
219080	1.96308402791435e-07	NA
610475	1.96308402791435e-07	NA
610489	1.96308402791435e-07	NA
256450	1.96167707174771e-07	NA
608320	1.89938489261082e-07	NA
246200	1.89628379197645e-07	NA
602485	1.88939342322793e-07	NA
606762	1.85321334255047e-07	NA
610374	1.7894770576688e-07	NA
223500	1.75632850566077e-07	NA
103900	1.73399950989428e-07	NA
240800	1.70550172093987e-07	NA
218030	1.672790352434e-07	NA
615238	1.55462501093858e-07	NA
144600	1.53598996794675e-07	NA
306000	1.5307484378867e-07	NA
103230	1.52186867579024e-07	NA
143880	1.49876944972932e-07	NA
260370	1.46194229398242e-07	NA
610508	1.4098780978331e-07	MATURITY-ONSET DIABETES OF THE YOUNG, TYPE 7
260350	1.4062776187292e-07	NA
129840	1.39800069167845e-07	NA
601820	1.31504208245555e-07	NA
125851	1.29311462486238e-07	MATURITY-ONSET DIABETES OF THE YOUNG, TYPE 2
125850	1.27992292506904e-07	MATURITY-ONSET DIABETES OF THE YOUNG
615160	1.25516669085559e-07	NA
608709	1.23707939207408e-07	NA
601942	1.13144031030857e-07	NA
606824	9.54394193626838e-08	NA
118830	9.3872446893446e-08	NA
606392	8.88250067277338e-08	MATURITY-ONSET DIABETES OF THE YOUNG, TYPE 4
608189	8.87457192679254e-08	NA
152200	8.65120789608591e-08	NA
229500	8.55620939848363e-08	NA
615812	8.4884238766507e-08	NA
600496	8.30515461028537e-08	MATURITY-ONSET DIABETES OF THE YOUNG, TYPE 3
612227	8.1352678126427e-08	NA
191540	8.04739644602765e-08	NA
615947	7.90084545201625e-08	NA
143470	7.79232068583153e-08	NA
613327	7.75305341390265e-08	NA
600089	7.56956632579515e-08	NA
167755	7.56585629455465e-08	NA
610582	7.56372399391492e-08	NA
613370	7.42003459955147e-08	MATURITY-ONSET DIABETES OF THE YOUNG, TYPE 10
615751	7.23950075381735e-08	NA
614025	7.13253461531313e-08	NA
609734	7.1231641785323e-08	NA
616095	7.12054751172928e-08	NA
609812	6.96591983890929e-08	MATURITY-ONSET DIABETES OF THE YOUNG, TYPE 8
612225	6.80871139260986e-08	MATURITY-ONSET DIABETES OF THE YOUNG, TYPE 9
614662	6.71101838432041e-08	NA
614033	6.58521722910796e-08	NA
615026	6.5838881565739e-08	NA
606721	6.53903032788281e-08	NA
208300	6.45066186471211e-08	NA
613347	6.43069976813016e-08	NA
126900	6.27030969572283e-08	NA
606394	6.25285206154816e-08	MATURITY-ONSET DIABETES OF THE YOUNG, TYPE 6
167770	6.20622912815232e-08	NA
229800	5.95692347340993e-08	NA
171200	5.87632613654219e-08	NA
612671	5.80292811551681e-08	NA
260450	5.70189290326926e-08	NA
609197	5.67936267025124e-08	NA
263600	5.61743847444614e-08	NA
269200	5.50265789396793e-08	NA
209300	5.48381322799488e-08	NA
240200	5.4526392199281e-08	NA
232220	5.45049293110978e-08	NA
191530	5.39353205563553e-08	NA
268040	5.10154539188236e-08	NA
276700	5.04893967228706e-08	NA
174050	4.9755130852307e-08	NA
126150	4.84181707042471e-08	NA
151800	4.68908606496729e-08	NA
601941	4.32492131591669e-08	NA
138040	3.94597229886196e-08	NA
232200	3.82709470232088e-08	NA
600955	3.59116838618038e-08	NA
613886	3.55515871454079e-08	NA
606528	3.47799174405196e-08	NA
138900	3.18843875343917e-08	NA
205400	3.13947760513818e-08	NA
557000	3.0525769642308e-08	NA
602722	2.41098870989273e-08	NA
240150	2.38392646659526e-08	NA
109160	2.28218958168832e-08	NA
615961	2.25575749276546e-08	NA
232240	2.16156767228208e-08	NA
251120	2.14106393277109e-08	NA
245900	2.06605423058552e-08	NA
109600	2.04098808170241e-08	NA
601223	1.9998251173841e-08	NA
305700	1.94836665427193e-08	NA
194470	1.93751332024984e-08	NA
207780	1.69677978597077e-08	NA
610199	1.68637336289403e-08	NA
168820	1.57154867393836e-08	NA
177600	1.55883055073813e-08	NA
179820	1.49527887049283e-08	NA
607616	1.4260677377206e-08	NA
124060	1.39595417737891e-08	NA
132810	1.35644391273884e-08	NA
600952	1.22096371509414e-08	NA
602475	1.21572665414239e-08	NA
240300	1.21424638119982e-08	NA
200100	9.94567050587519e-09	NA
615558	9.94567050587519e-09	NA
150170	9.56543547953733e-09	NA
210740	9.55769451058782e-09	NA
249599	9.55769451058782e-09	NA
145270	9.31822295859167e-09	NA
166700	8.84089468200709e-09	NA
209010	8.84089468200709e-09	NA
241080	8.84089468200709e-09	NA
560000	8.84089468200709e-09	NA
600166	5.36529942822199e-09	NA
232900	5.24050551158534e-09	NA
212067	4.40847168162504e-09	NA
source	0	NA
target	0	NA
