DiseaseID	Score	DiseaseName
143890	1.33391864740084e-05	HYPERCHOLESTEROLEMIA, FAMILIAL, 1
601410	9.39734014521167e-06	TYPE 1 DIABETES MELLITUS 2
222100	8.43903074794943e-06	TYPE 1 DIABETES MELLITUS
601665	8.14366614319463e-06	NA
615474	5.56623063075942e-06	NA
603776	5.28050007349709e-06	HYPERCHOLESTEROLEMIA, FAMILIAL, 3
125853	5.02058763372111e-06	TYPE 2 DIABETES MELLITUS
151660	4.94984202354398e-06	NA
608594	4.56849684921783e-06	NA
615703	4.56406506036588e-06	NA
613375	4.49118874786111e-06	MATURITY-ONSET DIABETES OF THE YOUNG, TYPE 11
269700	4.42181669522575e-06	NA
602522	4.32029846524111e-06	NA
616192	4.29306554764838e-06	NA
615158	4.07896220437596e-06	NA
614736	4.0017432459833e-06	NA
610947	3.91607704361351e-06	NA
219090	3.87797518591076e-06	NA
603813	3.49791284105985e-06	HYPERCHOLESTEROLEMIA, FAMILIAL, 4
614190	3.18794930277599e-06	NA
602014	3.07348275006486e-06	NA
167800	3.00102065705591e-06	NA
605814	2.78621654428758e-06	NA
144250	2.53913301233478e-06	NA
238600	2.27487018311809e-06	NA
125852	5.57132106002315e-07	NA
616214	4.98148516156844e-07	NA
602247	4.1097412452663e-07	NA
240900	3.94505827345693e-07	NA
614028	3.6057109537177e-07	NA
144300	3.55255417838403e-07	NA
613677	3.4850610522941e-07	NA
144400	3.44583142339546e-07	NA
107741	3.44337683919295e-07	NA
602025	3.34710987229594e-07	NA
615457	3.29638682072199e-07	NA
203800	3.29055801910799e-07	NA
190430	3.23459852146414e-07	NA
144650	3.23225485942663e-07	NA
612520	3.20621555849754e-07	NA
144010	3.0937120739962e-07	HYPERCHOLESTEROLEMIA, FAMILIAL, 2
304900	3.02355177804066e-07	NA
136120	3.00095546176135e-07	NA
616511	2.98355495345652e-07	MATURITY-ONSET DIABETES OF THE YOUNG, TYPE 14
207750	2.91914035773547e-07	NA
262190	2.77218816568305e-07	NA
616329	2.74040941339207e-07	NA
108725	2.69808124068851e-07	NA
601666	2.68430330240569e-07	NA
613877	2.57615994261068e-07	NA
147630	2.52513509406744e-07	NA
240600	2.51400500136779e-07	NA
277460	2.4841239051175e-07	NA
608600	2.46189748123767e-07	NA
605019	2.3916667873966e-07	NA
612780	2.34672771012748e-07	NA
612526	2.3347903659198e-07	NA
223500	2.33124470867846e-07	NA
604367	2.31435710154896e-07	NA
145750	2.27988588644641e-07	NA
615954	2.25405221046576e-07	NA
610374	2.19714806391301e-07	NA
608320	2.15101605520902e-07	NA
607364	2.09085201136625e-07	NA
246200	2.02872019886647e-07	NA
125800	1.9937843010231e-07	DIABETES INSIPIDUS, NEUROHYPOPHYSEAL, X-LINKED
615238	1.85310103382625e-07	NA
215720	1.79483058540139e-07	NA
614496	1.73383342008949e-07	NA
614492	1.66942889672038e-07	NA
260370	1.62574200496333e-07	NA
615962	1.61404186735525e-07	NA
614495	1.60749092445768e-07	NA
144600	1.58763711175607e-07	NA
601942	1.4948555642797e-07	NA
615830	1.47519182082427e-07	NA
610600	1.43562326608371e-07	NA
610508	1.37819923557025e-07	MATURITY-ONSET DIABETES OF THE YOUNG, TYPE 7
219080	1.35474145523083e-07	NA
610475	1.35474145523083e-07	NA
610489	1.35474145523083e-07	NA
614491	1.34999203287207e-07	NA
263800	1.32204366994151e-07	NA
613090	1.31582281474234e-07	NA
608709	1.31478142372116e-07	NA
306000	1.3115605999712e-07	NA
300200	1.30500090909817e-07	NA
260350	1.30475517321886e-07	NA
125851	1.2835100265921e-07	MATURITY-ONSET DIABETES OF THE YOUNG, TYPE 2
601678	1.27398952331473e-07	NA
125850	1.27047142049868e-07	MATURITY-ONSET DIABETES OF THE YOUNG
601820	1.22350252362941e-07	NA
615160	1.21401381861997e-07	NA
241200	1.20850321039855e-07	NA
601198	1.16914446371915e-07	NA
103900	1.15948170436487e-07	NA
154020	1.07415080486299e-07	NA
611718	1.06779102373344e-07	NA
177200	1.05222300440882e-07	NA
606392	1.00393317307895e-07	MATURITY-ONSET DIABETES OF THE YOUNG, TYPE 4
143470	1.00053334200883e-07	NA
145260	9.95806932351818e-08	NA
300539	9.81882167725165e-08	NA
152200	9.67998227273984e-08	NA
615947	9.66927703769038e-08	NA
615812	9.64422587182018e-08	NA
600496	9.57522346407041e-08	MATURITY-ONSET DIABETES OF THE YOUNG, TYPE 3
606824	9.44522954872301e-08	NA
605115	8.74616829959759e-08	NA
613327	8.6584348525075e-08	NA
600089	8.65053196546128e-08	NA
610582	8.58781540226809e-08	NA
118830	8.48759564910897e-08	NA
143860	8.48306436296899e-08	NA
606721	8.11906533931081e-08	NA
191540	7.63179111674609e-08	NA
126900	7.399451281786e-08	NA
614025	7.28908141344767e-08	NA
229500	7.08815568906697e-08	NA
126150	6.95083656858238e-08	NA
191530	6.91175973237961e-08	NA
613370	6.77725589180676e-08	MATURITY-ONSET DIABETES OF THE YOUNG, TYPE 10
605911	6.76425509161773e-08	NA
232220	6.54214189737824e-08	NA
608189	6.30158785939794e-08	NA
612227	6.27952231215193e-08	NA
614662	6.22864088360667e-08	NA
612225	6.20101222298034e-08	MATURITY-ONSET DIABETES OF THE YOUNG, TYPE 9
151800	6.17753031931528e-08	NA
616095	5.93282759277775e-08	NA
612671	5.84577828773509e-08	NA
268040	5.77717502864212e-08	NA
613743	5.76987501450466e-08	NA
606394	5.71569020307008e-08	MATURITY-ONSET DIABETES OF THE YOUNG, TYPE 6
615751	5.63447462264204e-08	NA
614033	5.63346309613232e-08	NA
167755	5.60804326971143e-08	NA
276700	5.5034289238856e-08	NA
615026	5.39068236213783e-08	NA
609734	5.17460563102918e-08	NA
229800	5.12388782023126e-08	NA
103230	5.04594374369708e-08	NA
609975	4.96625535677168e-08	NA
232200	4.88294800058741e-08	NA
171200	4.79153053796079e-08	NA
609812	4.77465110880727e-08	MATURITY-ONSET DIABETES OF THE YOUNG, TYPE 8
208300	4.75336313116921e-08	NA
263600	4.7238329424497e-08	NA
609197	4.69718737315409e-08	NA
613347	4.47666971244478e-08	NA
167770	4.33430922022989e-08	NA
613886	4.28519284907284e-08	NA
269200	4.15784237312151e-08	NA
260450	3.87456958751056e-08	NA
209300	3.72540939550849e-08	NA
138900	3.69620033955635e-08	NA
601941	3.64927018254386e-08	NA
177735	3.61022266887652e-08	NA
174050	3.37379686557266e-08	NA
205400	3.3051323295916e-08	NA
557000	3.27636960932168e-08	NA
240150	3.26719371154566e-08	NA
203400	3.10063296223041e-08	NA
610021	2.88890363410426e-08	NA
304800	2.72564344518724e-08	DIABETES INSIPIDUS, NEPHROGENIC, 1, X-LINKED
256450	2.70520730993736e-08	NA
609968	2.62333813399326e-08	NA
264350	2.48194170032357e-08	NA
241150	2.43128981354512e-08	NA
615961	2.42947991380814e-08	NA
232240	2.39933511847051e-08	NA
305700	2.33108509444679e-08	NA
218030	2.16439989746648e-08	NA
245900	2.1462698564696e-08	NA
610199	1.96322373424896e-08	NA
138040	1.95747513837561e-08	NA
207780	1.92816123851805e-08	NA
129840	1.9095761117049e-08	NA
251120	1.78863004615698e-08	NA
109160	1.76972331563808e-08	NA
615517	1.72533926634935e-08	NA
240200	1.69567597552862e-08	NA
602485	1.68051249910897e-08	NA
214700	1.6278976605209e-08	NA
109600	1.61802682303867e-08	NA
239350	1.53342759744231e-08	NA
179820	1.51489219418279e-08	NA
607616	1.45710649861454e-08	NA
601223	1.41144010814786e-08	NA
194470	1.40478864935474e-08	NA
606528	1.37830847449283e-08	NA
602475	1.36600097804751e-08	NA
240300	1.30818057887624e-08	NA
615361	1.21476431045728e-08	NA
606762	1.21149198171739e-08	NA
600955	1.19146436495745e-08	NA
210740	1.14455130724149e-08	NA
249599	1.14455130724149e-08	NA
166700	1.05871215776005e-08	NA
209010	1.05871215776005e-08	NA
241080	1.05871215776005e-08	NA
560000	1.05871215776005e-08	NA
168820	1.04202759952931e-08	NA
600952	1.0326132239557e-08	NA
200100	9.93808015859838e-09	NA
615558	9.93808015859838e-09	NA
145270	9.31032430742072e-09	NA
177600	8.90057900049512e-09	NA
143880	8.58186739395709e-09	NA
150170	8.43349721730168e-09	NA
239199	7.80817497304438e-09	NA
124060	7.75637151209468e-09	NA
132810	6.48208310320586e-09	NA
602722	6.04638637518571e-09	NA
600166	6.0227228457003e-09	NA
232900	5.35434044197416e-09	NA
240800	4.09292830190028e-09	NA
212067	3.64876711704878e-09	NA
source	0	NA
target	0	NA
