DiseaseID	Score
143890	1.94642595617221e-05
601410	1.51693899153077e-05
222100	1.37421386698933e-05
601665	1.3057201412443e-05
615474	8.20676560766424e-06
613375	8.12413308654013e-06
125853	8.05934160184534e-06
151660	7.77654653602978e-06
608594	7.76992240144139e-06
603776	7.73887316403464e-06
615703	7.45793284153216e-06
614736	7.41086815143836e-06
602522	7.12123759708381e-06
269700	6.76877156680982e-06
615158	6.72978753813566e-06
610947	6.57107180951904e-06
616192	6.5029749871932e-06
219090	6.36978921641305e-06
603813	6.36197283724335e-06
614190	6.13198730646081e-06
602014	5.90674931558818e-06
605814	5.71218397893651e-06
167800	5.4953524401248e-06
144250	3.90967314926273e-06
238600	3.51959938085726e-06
125852	8.89948938740406e-07
616214	8.22482802654156e-07
240900	6.5600477273407e-07
602247	6.21237728699081e-07
614028	6.17574286917332e-07
613677	5.67313528517603e-07
144650	5.53158987661747e-07
602025	5.46221389875361e-07
615457	5.37896053147438e-07
144300	5.35450458440399e-07
203800	5.31736431670632e-07
190430	5.27836053398501e-07
107741	5.26928252713759e-07
144400	5.19939175880443e-07
612520	5.11073028592054e-07
304900	4.95734459802328e-07
616511	4.93882496127997e-07
144010	4.67976666333527e-07
616329	4.53540096962378e-07
136120	4.4947133039152e-07
262190	4.47879627787722e-07
207750	4.34518094857431e-07
108725	4.26349492569977e-07
601666	4.23341357592913e-07
605019	4.20598030680367e-07
147630	4.19974102595649e-07
612780	4.15704543135474e-07
613877	4.15015893415029e-07
240600	4.10645981881687e-07
608600	3.93891435905861e-07
277460	3.75539634184808e-07
612526	3.74239067289549e-07
604367	3.71052597997757e-07
145750	3.69377099233757e-07
615954	3.69208466454256e-07
223500	3.65710584405392e-07
610374	3.55980714007931e-07
608320	3.48254810852116e-07
215720	3.46778548607452e-07
607364	3.33576634032233e-07
246200	3.25349245679694e-07
125800	3.24955142295253e-07
615238	3.03402657337394e-07
614496	2.82648831561147e-07
614492	2.72300849167334e-07
260370	2.70296485562072e-07
614495	2.62631236683461e-07
144600	2.60402596867608e-07
615830	2.54399463073588e-07
615962	2.53363230098477e-07
263800	2.46494583207902e-07
306000	2.46436009469784e-07
601942	2.41802168203239e-07
610600	2.37150263239412e-07
219080	2.34415027033304e-07
610475	2.34415027033304e-07
610489	2.34415027033304e-07
610508	2.31203336783666e-07
260350	2.22914300340579e-07
601198	2.21682259137364e-07
601820	2.19767877947563e-07
614491	2.19638021020947e-07
613090	2.1762577105043e-07
125851	2.14402636798532e-07
125850	2.12696191105699e-07
601678	2.12186656839063e-07
300200	2.11984516834978e-07
615160	2.11229925016686e-07
154020	2.06060334207566e-07
608709	2.04373344670515e-07
611718	2.04086556293418e-07
241200	2.01480547838594e-07
103900	1.97868961574957e-07
606824	1.67293174741598e-07
606392	1.63031431044925e-07
177200	1.59815785117448e-07
152200	1.57223548435471e-07
615812	1.5682393993307e-07
600496	1.54759164327613e-07
615947	1.5420298109204e-07
143470	1.53154410191806e-07
145260	1.51240328879707e-07
300539	1.4964842314698e-07
613327	1.45163236082404e-07
118830	1.41296513964247e-07
143860	1.40026534369475e-07
600089	1.39935376403591e-07
610582	1.39060524335497e-07
605115	1.31573794415615e-07
606721	1.27779962481333e-07
191540	1.2644318363964e-07
614025	1.20472423468213e-07
126900	1.18740310068554e-07
613370	1.17684943125514e-07
229500	1.16813034549424e-07
608189	1.12536978476931e-07
605911	1.09580298878866e-07
612227	1.09215672981084e-07
612225	1.08466344456609e-07
614662	1.08262783307507e-07
613743	1.06051288023588e-07
126150	1.03250532374353e-07
191530	1.02551723861883e-07
232220	1.01712860493068e-07
606394	1.00130942442688e-07
616095	1.0007674889859e-07
167755	9.88866522560945e-08
612671	9.76189311287836e-08
151800	9.75097650821297e-08
268040	9.42998942762327e-08
103230	9.39677088666204e-08
615751	9.31863552932485e-08
614033	9.3135578409568e-08
276700	9.19516207462009e-08
609734	9.15457266064587e-08
615026	9.02521207800223e-08
171200	8.91318678179573e-08
609812	8.55820781190125e-08
229800	8.43115344274168e-08
609975	8.40666109256518e-08
208300	8.35391130150974e-08
613347	8.08175422177644e-08
263600	7.80897788660247e-08
167770	7.80022302040391e-08
609197	7.76673226274711e-08
232200	7.57087572119609e-08
269200	7.33867270086849e-08
260450	7.04806749151078e-08
613886	6.99273206484e-08
209300	6.77974119899319e-08
174050	6.13021974109691e-08
138900	5.97694318500012e-08
601941	5.93581209189041e-08
177735	5.89646812215221e-08
557000	5.34415007252499e-08
205400	5.19288746648691e-08
240150	5.07528675893408e-08
203400	5.03042913730006e-08
610021	4.89783893864792e-08
256450	4.55895891674317e-08
304800	4.48255775692034e-08
609968	4.38315555911094e-08
241150	4.14859660081674e-08
264350	4.05044065997161e-08
615961	3.93791092120295e-08
305700	3.83740503257571e-08
232240	3.69311950883906e-08
218030	3.46232073744109e-08
245900	3.41390087501687e-08
251120	3.31255385308221e-08
610199	3.16988630053488e-08
138040	3.10796692003414e-08
129840	3.10250896278787e-08
207780	3.07835666850108e-08
109160	2.97101866385101e-08
615517	2.79178657385689e-08
240200	2.73932042143423e-08
602485	2.73708271211857e-08
109600	2.64462451895037e-08
214700	2.63103770901889e-08
239350	2.59408432401656e-08
179820	2.52828273994991e-08
606528	2.37533504956423e-08
607616	2.3740357337357e-08
601223	2.26278010832053e-08
194470	2.24509659517579e-08
602475	2.21592242683119e-08
615361	2.17714398980507e-08
240300	2.12432444946823e-08
600955	2.01532164965211e-08
606762	2.01025373806511e-08
210740	1.8205444646286e-08
249599	1.8205444646286e-08
200100	1.70141794337959e-08
615558	1.70141794337959e-08
166700	1.6840137614611e-08
209010	1.6840137614611e-08
241080	1.6840137614611e-08
560000	1.6840137614611e-08
600952	1.68029892907534e-08
168820	1.62145604988004e-08
145270	1.47031954441672e-08
177600	1.44779488862377e-08
150170	1.4144494615854e-08
143880	1.40866515654262e-08
239199	1.30793984861171e-08
124060	1.21572643699536e-08
602722	1.07353824818671e-08
132810	1.06277411332341e-08
600166	9.86200506421196e-09
232900	8.74590208644184e-09
240800	6.86985657453084e-09
212067	6.02409374282523e-09
source	0
target	0
