DiseaseID	Score	DiseaseName
143890	2.12841188092215e-05	HYPERCHOLESTEROLEMIA, FAMILIAL, 1
601410	1.41039810142958e-05	TYPE 1 DIABETES MELLITUS 2
601665	1.36232744997815e-05	NA
222100	1.36132410323951e-05	TYPE 1 DIABETES MELLITUS
613375	7.7945481567943e-06	MATURITY-ONSET DIABETES OF THE YOUNG, TYPE 11
603813	7.78895149892466e-06	HYPERCHOLESTEROLEMIA, FAMILIAL, 4
614736	7.72097986671136e-06	NA
615703	7.67254158644823e-06	NA
610947	7.4476218046078e-06	NA
151660	7.27176230043315e-06	NA
167800	7.20260466600827e-06	NA
608594	7.18916194137642e-06	NA
219090	7.16406524851023e-06	NA
616192	7.04821089630318e-06	NA
615474	7.04288501960085e-06	NA
615158	7.03546644224134e-06	NA
269700	6.95900921610392e-06	NA
125853	6.82002902221474e-06	TYPE 2 DIABETES MELLITUS
605814	6.76184236127784e-06	NA
603776	6.74279500626196e-06	HYPERCHOLESTEROLEMIA, FAMILIAL, 3
614190	6.73057049444328e-06	NA
602522	6.70192182363405e-06	NA
602014	6.62124236518555e-06	NA
144250	4.08872709562402e-06	NA
238600	3.67480564404658e-06	NA
125852	8.71616989114982e-07	NA
616214	8.12761520278272e-07	NA
240900	6.76970754172548e-07	NA
614028	6.72065058705391e-07	NA
602247	6.59446106336766e-07	NA
144650	5.9887970457547e-07	NA
107741	5.73938666498688e-07	NA
144300	5.69177268546338e-07	NA
602025	5.63236017911027e-07	NA
615457	5.54649262864743e-07	NA
144400	5.53376478788358e-07	NA
613677	5.52819597373199e-07	NA
190430	5.44217034619296e-07	NA
203800	5.37793398625673e-07	NA
612520	5.22308818027483e-07	NA
144010	5.14929779483266e-07	HYPERCHOLESTEROLEMIA, FAMILIAL, 2
616511	5.11620393910376e-07	MATURITY-ONSET DIABETES OF THE YOUNG, TYPE 14
136120	4.88206504317732e-07	NA
304900	4.83686950998841e-07	NA
207750	4.70304597465275e-07	NA
616329	4.68158562188707e-07	NA
605019	4.55843775388496e-07	NA
108725	4.39518721020614e-07	NA
147630	4.38156244268828e-07	NA
612780	4.29261471714614e-07	NA
262190	4.2894544059846e-07	NA
601666	4.24135117114557e-07	NA
277460	4.15962246700527e-07	NA
240600	4.10247675538969e-07	NA
613877	4.05605783237575e-07	NA
145750	3.97457636693815e-07	NA
608600	3.80541269847711e-07	NA
215720	3.79427978463401e-07	NA
615954	3.75748155083438e-07	NA
223500	3.65802389176367e-07	NA
608320	3.64709992722696e-07	NA
612526	3.63252089486862e-07	NA
604367	3.60197263284527e-07	NA
610374	3.26346265998744e-07	NA
125800	3.20976410166658e-07	DIABETES INSIPIDUS, NEUROHYPOPHYSEAL, X-LINKED
246200	3.14577511729856e-07	NA
607364	3.08419116439229e-07	NA
144600	2.91492062882329e-07	NA
615238	2.91004026489883e-07	NA
306000	2.82259250641261e-07	NA
615830	2.80847795694922e-07	NA
614496	2.75889682228475e-07	NA
260370	2.75479593188656e-07	NA
263800	2.69265036844604e-07	NA
614492	2.65254285855027e-07	NA
219080	2.59858362581229e-07	NA
610475	2.59858362581229e-07	NA
610489	2.59858362581229e-07	NA
614495	2.5651222368946e-07	NA
615962	2.535883211483e-07	NA
260350	2.51323662876608e-07	NA
601198	2.4539572982154e-07	NA
154020	2.30631871565596e-07	NA
601942	2.28576420249296e-07	NA
611718	2.2778060830351e-07	NA
610600	2.25824095775533e-07	NA
601820	2.23051512395242e-07	NA
615160	2.18753442132267e-07	NA
610508	2.12171715865302e-07	MATURITY-ONSET DIABETES OF THE YOUNG, TYPE 7
614491	2.0998225830776e-07	NA
613090	2.07338258993446e-07	NA
601678	2.03369955419725e-07	NA
608709	2.01407997990889e-07	NA
300200	1.98518687398342e-07	NA
125851	1.94113058405976e-07	MATURITY-ONSET DIABETES OF THE YOUNG, TYPE 2
241200	1.93029498027608e-07	NA
125850	1.92533503889211e-07	MATURITY-ONSET DIABETES OF THE YOUNG
103900	1.87929080695357e-07	NA
606824	1.74587024212201e-07	NA
152200	1.72231943021018e-07	NA
118830	1.66108623570867e-07	NA
615812	1.63151424756941e-07	NA
615947	1.60616177799699e-07	NA
143470	1.46093630458252e-07	NA
606392	1.45707185303278e-07	MATURITY-ONSET DIABETES OF THE YOUNG, TYPE 4
177200	1.41926887149264e-07	NA
608189	1.39348263434229e-07	NA
191540	1.38377665614912e-07	NA
614025	1.36281609094222e-07	NA
600496	1.36196892081033e-07	MATURITY-ONSET DIABETES OF THE YOUNG, TYPE 3
613327	1.36001623661016e-07	NA
145260	1.34490572206916e-07	NA
300539	1.3360627202248e-07	NA
612227	1.27227780744422e-07	NA
143860	1.25946313964083e-07	NA
600089	1.25026658387364e-07	NA
606721	1.24493419138233e-07	NA
610582	1.22494686431813e-07	NA
229500	1.19246279322508e-07	NA
167755	1.1878507357377e-07	NA
605115	1.15708640440342e-07	NA
613370	1.13621855273087e-07	MATURITY-ONSET DIABETES OF THE YOUNG, TYPE 10
613743	1.12200813678525e-07	NA
612671	1.08652101413977e-07	NA
232220	1.06557070495499e-07	NA
609812	1.06478444815683e-07	MATURITY-ONSET DIABETES OF THE YOUNG, TYPE 8
616095	1.05588826531276e-07	NA
612225	1.04678729966703e-07	MATURITY-ONSET DIABETES OF THE YOUNG, TYPE 9
208300	1.04412946770873e-07	NA
614662	1.04375569189972e-07	NA
613347	1.030879381555e-07	NA
126900	1.02465914579618e-07	NA
605911	1.01661917982035e-07	NA
103230	1.00230537660323e-07	NA
167770	9.93085622255421e-08	NA
276700	9.72592054443147e-08	NA
615751	9.65206387506023e-08	NA
268040	9.6125774816752e-08	NA
606394	9.52775173295194e-08	MATURITY-ONSET DIABETES OF THE YOUNG, TYPE 6
171200	9.51157773800205e-08	NA
614033	9.47588393326739e-08	NA
615026	9.42790198347114e-08	NA
151800	9.22677384581511e-08	NA
260450	9.11446875304172e-08	NA
126150	9.06163569226632e-08	NA
269200	9.05109784691864e-08	NA
191530	9.0439214753899e-08	NA
609734	8.85469714624966e-08	NA
609975	8.82634887650537e-08	NA
209300	8.77736454564072e-08	NA
229800	8.54187715538794e-08	NA
263600	7.97456620882995e-08	NA
609197	7.97323610268563e-08	NA
232200	7.96633670524083e-08	NA
174050	7.96217860073367e-08	NA
613886	7.21024014525319e-08	NA
138900	6.18270270960345e-08	NA
601941	5.82157486022151e-08	NA
177735	5.61869623697256e-08	NA
205400	5.59928802684791e-08	NA
557000	5.36723658018139e-08	NA
240150	5.30285370081151e-08	NA
610021	5.05502158811576e-08	NA
203400	4.75264829870545e-08	NA
256450	4.66657278192405e-08	NA
304800	4.32560773002017e-08	DIABETES INSIPIDUS, NEPHROGENIC, 1, X-LINKED
609968	4.32217818394082e-08	NA
241150	4.1719299203876e-08	NA
305700	3.95838909452162e-08	NA
232240	3.93907790515408e-08	NA
615961	3.9334698040004e-08	NA
264350	3.84150629787545e-08	NA
245900	3.68410632376128e-08	NA
251120	3.557182894391e-08	NA
218030	3.27577062594028e-08	NA
610199	3.17540530096857e-08	NA
109160	3.0309949531272e-08	NA
207780	3.02983603816756e-08	NA
129840	3.01610144860208e-08	NA
138040	2.99389115985376e-08	NA
602485	2.72147329304984e-08	NA
615517	2.68887097656127e-08	NA
240200	2.62632680824617e-08	NA
239350	2.59971780583888e-08	NA
109600	2.58836699899094e-08	NA
607616	2.57736703049451e-08	NA
214700	2.44243172084211e-08	NA
606528	2.41794326398882e-08	NA
179820	2.39275361277255e-08	NA
615361	2.27913497039647e-08	NA
602475	2.24701161894037e-08	NA
240300	2.22471384665398e-08	NA
601223	2.15341014472061e-08	NA
194470	2.10715667594664e-08	NA
606762	2.04463946402922e-08	NA
600955	1.94584652152304e-08	NA
200100	1.84664320130578e-08	NA
615558	1.84664320130578e-08	NA
210740	1.81799727471558e-08	NA
249599	1.81799727471558e-08	NA
600952	1.68473890479475e-08	NA
166700	1.68165794837359e-08	NA
209010	1.68165794837359e-08	NA
241080	1.68165794837359e-08	NA
560000	1.68165794837359e-08	NA
168820	1.52114238248929e-08	NA
150170	1.45481113683378e-08	NA
145270	1.40373975298713e-08	NA
177600	1.39477521286316e-08	NA
143880	1.37944771140499e-08	NA
239199	1.27448009589881e-08	NA
602722	1.11986591903788e-08	NA
124060	1.10815837853848e-08	NA
132810	1.00011108566018e-08	NA
232900	9.4274930444518e-09	NA
600166	8.99007381236615e-09	NA
240800	7.04427937670737e-09	NA
212067	6.16874052904183e-09	NA
source	0	NA
target	0	NA
