DiseaseID	Score	DiseaseName
143890	2.27572563670567e-05	HYPERCHOLESTEROLEMIA, FAMILIAL, 1
601410	1.39865701193674e-05	TYPE 1 DIABETES MELLITUS 2
601665	1.37600961546394e-05	NA
222100	1.3535642609495e-05	TYPE 1 DIABETES MELLITUS
615703	8.10568261410137e-06	NA
613375	7.96314882346888e-06	MATURITY-ONSET DIABETES OF THE YOUNG, TYPE 11
603813	7.75096633237834e-06	HYPERCHOLESTEROLEMIA, FAMILIAL, 4
610947	7.70054580297762e-06	NA
151660	7.49880710154457e-06	NA
614736	7.47426629800929e-06	NA
616192	7.40364461515832e-06	NA
269700	7.25509341782179e-06	NA
219090	7.21320192644672e-06	NA
603776	7.19058679203509e-06	HYPERCHOLESTEROLEMIA, FAMILIAL, 3
602014	7.15170172886931e-06	NA
608594	7.13615011671256e-06	NA
615158	7.03800003358463e-06	NA
602522	6.98857152834546e-06	NA
615474	6.98181502167772e-06	NA
125853	6.97701816749082e-06	TYPE 2 DIABETES MELLITUS
614190	6.94203337940492e-06	NA
167800	6.84816737245904e-06	NA
605814	6.79950837726222e-06	NA
144250	4.05301303188654e-06	NA
238600	3.61254646087097e-06	NA
125852	8.81424252480047e-07	NA
616214	8.07992389491425e-07	NA
614028	6.91416908815784e-07	NA
602247	6.89181948961578e-07	NA
240900	6.79914102182175e-07	NA
144650	6.13235035661826e-07	NA
107741	6.02244150095242e-07	NA
144300	5.98318198272073e-07	NA
144400	5.84075953630947e-07	NA
602025	5.69818636866584e-07	NA
615457	5.61151015036627e-07	NA
613677	5.54543412776987e-07	NA
190430	5.50416003183427e-07	NA
203800	5.50074792462194e-07	NA
144010	5.40002856323755e-07	HYPERCHOLESTEROLEMIA, FAMILIAL, 2
612520	5.33404965182813e-07	NA
616511	5.1958277856292e-07	MATURITY-ONSET DIABETES OF THE YOUNG, TYPE 14
136120	5.13863052013504e-07	NA
207750	4.92357225093053e-07	NA
304900	4.89627484341266e-07	NA
616329	4.76170441498758e-07	NA
605019	4.67448133671564e-07	NA
108725	4.57255720033306e-07	NA
612780	4.5496754694298e-07	NA
277460	4.38964832595667e-07	NA
147630	4.32326501723828e-07	NA
601666	4.31952495563773e-07	NA
262190	4.31802812605748e-07	NA
613877	4.1691119664588e-07	NA
240600	4.08796939842718e-07	NA
145750	4.0686764150226e-07	NA
608600	3.89090520080492e-07	NA
608320	3.78959589382559e-07	NA
215720	3.78656020292722e-07	NA
615954	3.76065794037206e-07	NA
223500	3.73260370980318e-07	NA
612526	3.71664234257837e-07	NA
604367	3.68261648329408e-07	NA
610374	3.27660004861986e-07	NA
246200	3.21012109340969e-07	NA
125800	3.19800185317581e-07	DIABETES INSIPIDUS, NEUROHYPOPHYSEAL, X-LINKED
607364	3.15852553740119e-07	NA
615238	2.97754763518371e-07	NA
144600	2.97284297908935e-07	NA
263800	2.8857745722694e-07	NA
615830	2.85246136767598e-07	NA
306000	2.83458499491365e-07	NA
614496	2.77860845074363e-07	NA
260370	2.70104230704052e-07	NA
614492	2.67361734142739e-07	NA
601198	2.6430437442023e-07	NA
219080	2.63767773045581e-07	NA
610475	2.63767773045581e-07	NA
610489	2.63767773045581e-07	NA
614495	2.58321080838941e-07	NA
615962	2.53943328952012e-07	NA
154020	2.48999939745746e-07	NA
260350	2.47315602649142e-07	NA
611718	2.45663065330833e-07	NA
610600	2.33865121372778e-07	NA
601942	2.27520834557035e-07	NA
601820	2.20724512635473e-07	NA
610508	2.16537765019118e-07	MATURITY-ONSET DIABETES OF THE YOUNG, TYPE 7
615160	2.15695301382733e-07	NA
613090	2.15082891007079e-07	NA
614491	2.12183291067189e-07	NA
601678	2.1211195113099e-07	NA
608709	2.08670923466157e-07	NA
241200	2.01623840615405e-07	NA
125851	1.98341113150074e-07	MATURITY-ONSET DIABETES OF THE YOUNG, TYPE 2
300200	1.97649296652409e-07	NA
125850	1.96834171339951e-07	MATURITY-ONSET DIABETES OF THE YOUNG
103900	1.92477447607813e-07	NA
152200	1.75983528230347e-07	NA
606824	1.71210289099562e-07	NA
615812	1.69485986717742e-07	NA
615947	1.65187588395904e-07	NA
118830	1.62043912303905e-07	NA
143470	1.53459758689144e-07	NA
606392	1.48785600686916e-07	MATURITY-ONSET DIABETES OF THE YOUNG, TYPE 4
191540	1.42222496938129e-07	NA
177200	1.41723901874211e-07	NA
600496	1.3875277447777e-07	MATURITY-ONSET DIABETES OF THE YOUNG, TYPE 3
614025	1.36517714508334e-07	NA
613327	1.36205330291791e-07	NA
300539	1.34157526251929e-07	NA
145260	1.34141806966284e-07	NA
608189	1.33702481231837e-07	NA
606721	1.28704529061648e-07	NA
143860	1.28031361826967e-07	NA
600089	1.26812757395194e-07	NA
610582	1.24959994165338e-07	NA
612227	1.23620405125772e-07	NA
229500	1.19493615782024e-07	NA
613370	1.15730263427303e-07	MATURITY-ONSET DIABETES OF THE YOUNG, TYPE 10
613743	1.15653538097019e-07	NA
605115	1.15242296953138e-07	NA
167755	1.14508250464878e-07	NA
612671	1.1212860038847e-07	NA
232220	1.0748907553661e-07	NA
612225	1.0670454436222e-07	MATURITY-ONSET DIABETES OF THE YOUNG, TYPE 9
614662	1.06082025089574e-07	NA
616095	1.05585717214439e-07	NA
126900	1.04727807598716e-07	NA
103230	1.03016456595271e-07	NA
605911	1.02551224231374e-07	NA
609812	1.0219685444945e-07	MATURITY-ONSET DIABETES OF THE YOUNG, TYPE 8
268040	1.00890685846285e-07	NA
208300	1.00826599640921e-07	NA
613347	9.85091646947963e-08	NA
171200	9.76568201155279e-08	NA
276700	9.75468276052995e-08	NA
606394	9.71391491188216e-08	MATURITY-ONSET DIABETES OF THE YOUNG, TYPE 6
615751	9.65858826747665e-08	NA
126150	9.62016256789728e-08	NA
191530	9.60369751262845e-08	NA
614033	9.51131810934462e-08	NA
167770	9.49209818268707e-08	NA
151800	9.48436878623935e-08	NA
615026	9.42725446910325e-08	NA
609734	9.00516778039524e-08	NA
609975	8.96042473782357e-08	NA
269200	8.72478112283099e-08	NA
260450	8.68939812594112e-08	NA
229800	8.57585957969859e-08	NA
209300	8.36640214032627e-08	NA
263600	7.98950092345191e-08	NA
609197	7.97367861915411e-08	NA
232200	7.97310434795699e-08	NA
174050	7.58496123073417e-08	NA
613886	7.2937845393445e-08	NA
138900	6.23177427807474e-08	NA
601941	5.87581513378599e-08	NA
205400	5.84054451430678e-08	NA
177735	5.69085360664757e-08	NA
557000	5.36612332143624e-08	NA
240150	5.2188177054049e-08	NA
610021	5.02640524006276e-08	NA
203400	4.81304233886317e-08	NA
256450	4.65622896761458e-08	NA
304800	4.39887817002817e-08	DIABETES INSIPIDUS, NEPHROGENIC, 1, X-LINKED
241150	4.33623370524406e-08	NA
609968	4.32835563137726e-08	NA
232240	4.06533290169657e-08	NA
305700	3.99110126124099e-08	NA
615961	3.97306198285726e-08	NA
264350	3.91096365318756e-08	NA
245900	3.83734140265627e-08	NA
251120	3.53690029462377e-08	NA
218030	3.30163776435499e-08	NA
610199	3.21767778799244e-08	NA
109160	3.10064643417361e-08	NA
207780	3.08493759971386e-08	NA
129840	3.0476969887597e-08	NA
138040	3.00669900494189e-08	NA
602485	2.74034037682426e-08	NA
615517	2.7382674886013e-08	NA
239350	2.6793947085225e-08	NA
109600	2.67617768602386e-08	NA
607616	2.66920308153076e-08	NA
240200	2.64577023091551e-08	NA
214700	2.49710441206347e-08	NA
615361	2.42322138957368e-08	NA
179820	2.41601832904174e-08	NA
606528	2.39510986103146e-08	NA
602475	2.28270931152651e-08	NA
240300	2.23265952790252e-08	NA
601223	2.22952631851499e-08	NA
194470	2.18471463637435e-08	NA
606762	2.05464232460617e-08	NA
600955	1.94455989133078e-08	NA
200100	1.89523210468271e-08	NA
615558	1.89523210468271e-08	NA
210740	1.84775370460538e-08	NA
249599	1.84775370460538e-08	NA
166700	1.70918264268973e-08	NA
209010	1.70918264268973e-08	NA
241080	1.70918264268973e-08	NA
560000	1.70918264268973e-08	NA
600952	1.70273698351393e-08	NA
168820	1.58734633894023e-08	NA
150170	1.47417793090147e-08	NA
145270	1.45901951573679e-08	NA
177600	1.43566660454504e-08	NA
143880	1.39363896121656e-08	NA
239199	1.31194168502e-08	NA
124060	1.15463642433361e-08	NA
602722	1.10480409843068e-08	NA
132810	1.02029861153053e-08	NA
232900	9.66047644743583e-09	NA
600166	9.10576233812328e-09	NA
240800	7.08638143103257e-09	NA
212067	6.17463774853188e-09	NA
source	0	NA
target	0	NA
