DiseaseID	Score	DiseaseName
143890	2.08920940948485e-05	HYPERCHOLESTEROLEMIA, FAMILIAL, 1
601410	1.42175491631974e-05	TYPE 1 DIABETES MELLITUS 2
601665	1.39557691956653e-05	NA
222100	1.39048760981154e-05	TYPE 1 DIABETES MELLITUS
613375	8.24892527401231e-06	MATURITY-ONSET DIABETES OF THE YOUNG, TYPE 11
151660	7.73120565266261e-06	NA
610947	7.6975096943528e-06	NA
615703	7.56838358597492e-06	NA
219090	7.48524105019117e-06	NA
603813	7.45181145208912e-06	HYPERCHOLESTEROLEMIA, FAMILIAL, 4
269700	7.40481255417881e-06	NA
616192	7.34946385987274e-06	NA
615474	7.2736732879225e-06	NA
603776	7.25932538064963e-06	HYPERCHOLESTEROLEMIA, FAMILIAL, 3
614736	7.22589747845963e-06	NA
608594	7.12766352435016e-06	NA
167800	7.03143469684126e-06	NA
615158	6.99606515119256e-06	NA
605814	6.93781821525727e-06	NA
125853	6.72973113667463e-06	TYPE 2 DIABETES MELLITUS
602014	6.71962465866607e-06	NA
602522	6.64581444267089e-06	NA
614190	6.62523261550367e-06	NA
144250	4.10320712034245e-06	NA
238600	3.6910972351705e-06	NA
125852	8.87258650658196e-07	NA
616214	8.16846160220775e-07	NA
240900	6.862864219463e-07	NA
614028	6.83694629329087e-07	NA
602247	6.57073796233639e-07	NA
144650	6.07182871656507e-07	NA
602025	5.79038922705847e-07	NA
615457	5.70249205773366e-07	NA
144300	5.66879034429527e-07	NA
107741	5.64528520597152e-07	NA
613677	5.61780988684516e-07	NA
190430	5.59697115514956e-07	NA
203800	5.5438481927958e-07	NA
144400	5.51233479311784e-07	NA
612520	5.35307346526557e-07	NA
616511	5.17881192777618e-07	MATURITY-ONSET DIABETES OF THE YOUNG, TYPE 14
144010	5.06049572994739e-07	HYPERCHOLESTEROLEMIA, FAMILIAL, 2
304900	4.89255981332115e-07	NA
136120	4.82617534442477e-07	NA
616329	4.74978368273166e-07	NA
207750	4.64617145099426e-07	NA
605019	4.64088188983957e-07	NA
108725	4.48530930733778e-07	NA
147630	4.42837544285473e-07	NA
262190	4.37545079408988e-07	NA
601666	4.33922321763227e-07	NA
612780	4.31794577532764e-07	NA
240600	4.1679516149917e-07	NA
613877	4.16147153900407e-07	NA
277460	4.0789742547789e-07	NA
145750	4.02762546755659e-07	NA
608600	3.93449936059114e-07	NA
615954	3.84447726583161e-07	NA
215720	3.81705188089689e-07	NA
612526	3.7593183104627e-07	NA
223500	3.74909049786888e-07	NA
604367	3.73116845303893e-07	NA
608320	3.70750520294762e-07	NA
125800	3.27438122939274e-07	DIABETES INSIPIDUS, NEUROHYPOPHYSEAL, X-LINKED
610374	3.27207196714727e-07	NA
246200	3.25891142072469e-07	NA
607364	3.10665957819686e-07	NA
615238	2.94863350855362e-07	NA
144600	2.91952582416542e-07	NA
306000	2.87906185262139e-07	NA
615830	2.86980083922761e-07	NA
614496	2.77899996635666e-07	NA
260370	2.75129787357435e-07	NA
263800	2.72964369102064e-07	NA
614492	2.67034220654216e-07	NA
219080	2.65748370339576e-07	NA
610475	2.65748370339576e-07	NA
610489	2.65748370339576e-07	NA
615962	2.62861078513545e-07	NA
614495	2.58077347290894e-07	NA
260350	2.52612858880796e-07	NA
601198	2.48738028028916e-07	NA
154020	2.34031770402152e-07	NA
611718	2.31041091336181e-07	NA
601942	2.30610376171228e-07	NA
610600	2.25383669509425e-07	NA
601820	2.2049828080416e-07	NA
610508	2.15217834006208e-07	MATURITY-ONSET DIABETES OF THE YOUNG, TYPE 7
608709	2.13538411313208e-07	NA
615160	2.12147287289583e-07	NA
614491	2.1206274047119e-07	NA
613090	2.06518372217119e-07	NA
601678	2.02623319903367e-07	NA
300200	1.99871047810933e-07	NA
125851	1.97648549754381e-07	MATURITY-ONSET DIABETES OF THE YOUNG, TYPE 2
125850	1.96025173190366e-07	MATURITY-ONSET DIABETES OF THE YOUNG
241200	1.92179031373034e-07	NA
103900	1.85941451844868e-07	NA
152200	1.75943560797349e-07	NA
606824	1.67426186682352e-07	NA
118830	1.64116096013932e-07	NA
615812	1.63488043354846e-07	NA
615947	1.59837937508215e-07	NA
143470	1.52638644530609e-07	NA
177200	1.4541561111121e-07	NA
606392	1.45156948153972e-07	MATURITY-ONSET DIABETES OF THE YOUNG, TYPE 4
191540	1.42306979375469e-07	NA
145260	1.37800247597727e-07	NA
300539	1.37096890996601e-07	NA
608189	1.36846644021708e-07	NA
613327	1.36146010568707e-07	NA
600496	1.35751495402851e-07	MATURITY-ONSET DIABETES OF THE YOUNG, TYPE 3
614025	1.33676028785832e-07	NA
606721	1.29763238154903e-07	NA
612227	1.25746360189195e-07	NA
143860	1.25173037840712e-07	NA
600089	1.24079596058725e-07	NA
610582	1.21941190375658e-07	NA
229500	1.19580855235486e-07	NA
605115	1.18904315991223e-07	NA
613370	1.18138851159253e-07	MATURITY-ONSET DIABETES OF THE YOUNG, TYPE 10
167755	1.16910354513356e-07	NA
612671	1.12065324424837e-07	NA
613743	1.11056767109371e-07	NA
612225	1.09040420860714e-07	MATURITY-ONSET DIABETES OF THE YOUNG, TYPE 9
614662	1.08655393739462e-07	NA
232220	1.07165968404431e-07	NA
616095	1.05352506770802e-07	NA
609812	1.04668448200035e-07	MATURITY-ONSET DIABETES OF THE YOUNG, TYPE 8
208300	1.02445259779097e-07	NA
605911	1.02009671461745e-07	NA
126900	1.01709943655175e-07	NA
613347	1.01041708345384e-07	NA
606394	9.96177708774016e-08	MATURITY-ONSET DIABETES OF THE YOUNG, TYPE 6
276700	9.92396682068816e-08	NA
103230	9.89620393250169e-08	NA
151800	9.7444898078585e-08	NA
167770	9.72980594602704e-08	NA
126150	9.70488886354709e-08	NA
191530	9.6882132318077e-08	NA
615751	9.64220717358563e-08	NA
268040	9.5566904555498e-08	NA
614033	9.46381926036727e-08	NA
171200	9.40527271559327e-08	NA
615026	9.36534211830668e-08	NA
609734	9.26344451755549e-08	NA
269200	8.91826866785034e-08	NA
260450	8.91736873842273e-08	NA
609975	8.82548391778605e-08	NA
209300	8.58639283862733e-08	NA
229800	8.53436043762421e-08	NA
232200	7.98754590550076e-08	NA
263600	7.93843068938247e-08	NA
609197	7.93682428763849e-08	NA
174050	7.78034044964965e-08	NA
613886	7.41375857522566e-08	NA
138900	6.32468650958388e-08	NA
601941	5.89001945863297e-08	NA
177735	5.65715941775046e-08	NA
205400	5.60101390860836e-08	NA
557000	5.45622127466688e-08	NA
240150	5.33101089905076e-08	NA
610021	5.07305889887695e-08	NA
203400	4.79451130131515e-08	NA
256450	4.70951248388447e-08	NA
609968	4.3622261919343e-08	NA
304800	4.36019546918285e-08	DIABETES INSIPIDUS, NEPHROGENIC, 1, X-LINKED
241150	4.21398806913878e-08	NA
305700	4.04305647434402e-08	NA
615961	3.99212950083595e-08	NA
232240	3.94324656644671e-08	NA
264350	3.85822069205605e-08	NA
245900	3.69515814825386e-08	NA
251120	3.53777857183752e-08	NA
218030	3.3177935503511e-08	NA
610199	3.22947138067511e-08	NA
207780	3.11454496698032e-08	NA
129840	3.07196662819763e-08	NA
109160	3.06029928202511e-08	NA
138040	3.05444089656882e-08	NA
602485	2.75270368456102e-08	NA
615517	2.7317300875968e-08	NA
240200	2.650745133277e-08	NA
109600	2.63954024878771e-08	NA
239350	2.62857163864e-08	NA
607616	2.59270485886396e-08	NA
214700	2.45350810842126e-08	NA
179820	2.4301247353131e-08	NA
606528	2.38102883475448e-08	NA
615361	2.29768356836492e-08	NA
602475	2.28613510789087e-08	NA
240300	2.25296599298934e-08	NA
601223	2.23996850463739e-08	NA
194470	2.18918978621867e-08	NA
606762	2.0597988232426e-08	NA
600955	1.96095402658654e-08	NA
200100	1.87532893956712e-08	NA
615558	1.87532893956712e-08	NA
210740	1.85715609174266e-08	NA
249599	1.85715609174266e-08	NA
166700	1.71787984267958e-08	NA
209010	1.71787984267958e-08	NA
241080	1.71787984267958e-08	NA
560000	1.71787984267958e-08	NA
600952	1.70422254540793e-08	NA
168820	1.58442215660873e-08	NA
150170	1.46768770923089e-08	NA
145270	1.45187811887153e-08	NA
177600	1.43925201829938e-08	NA
143880	1.39710711157046e-08	NA
239199	1.27142108382353e-08	NA
124060	1.15570388859044e-08	NA
602722	1.08629914157052e-08	NA
132810	1.01060950351569e-08	NA
232900	9.64013648532307e-09	NA
600166	9.03151925822061e-09	NA
240800	7.08038365939131e-09	NA
212067	6.16085637777012e-09	NA
source	0	NA
target	0	NA
