DiseaseID	Score	DiseaseName
601665	0.0021182112242753	NA
613375	8.46391420113058e-05	MATURITY-ONSET DIABETES OF THE YOUNG, TYPE 11
602025	7.50887746175111e-05	NA
240900	7.50139186857467e-05	NA
615457	7.4003763821569e-05	NA
190430	7.32499094068481e-05	NA
143890	2.14214890249226e-05	HYPERCHOLESTEROLEMIA, FAMILIAL, 1
222100	1.49686808606808e-05	TYPE 1 DIABETES MELLITUS
601410	1.37525432903756e-05	TYPE 1 DIABETES MELLITUS 2
260350	1.29114247065475e-05	NA
614736	9.98443060583956e-06	NA
613886	9.64991557828548e-06	NA
605814	8.84592202788329e-06	NA
615158	7.41634813910802e-06	NA
603813	7.34893966750111e-06	HYPERCHOLESTEROLEMIA, FAMILIAL, 4
610947	7.26766084618306e-06	NA
151660	7.22454185350802e-06	NA
615703	7.21778839623343e-06	NA
608594	7.16341819974159e-06	NA
614190	7.08430324250327e-06	NA
269700	7.01775863742762e-06	NA
603776	6.98779407189031e-06	HYPERCHOLESTEROLEMIA, FAMILIAL, 3
616192	6.96004481857992e-06	NA
615474	6.95149661624585e-06	NA
219090	6.92412343548978e-06	NA
167800	6.90181934431932e-06	NA
125853	6.67142216940606e-06	TYPE 2 DIABETES MELLITUS
602522	6.64910542883656e-06	NA
602014	6.56125405722333e-06	NA
615812	6.13546988521092e-06	NA
276700	5.63676212645873e-06	NA
138900	5.57331660525407e-06	NA
305700	4.86166379834577e-06	NA
144250	3.83949630810053e-06	NA
238600	3.47336327189616e-06	NA
601820	3.05618325482235e-06	NA
240600	2.54011892133118e-06	NA
229500	2.25846494296852e-06	NA
256450	2.20200807708256e-06	NA
616511	1.27312301614857e-06	MATURITY-ONSET DIABETES OF THE YOUNG, TYPE 14
616329	1.24349982334224e-06	NA
616214	1.1694763109974e-06	NA
215720	1.117853663505e-06	NA
125852	1.06229055995676e-06	NA
125851	9.71093604809405e-07	MATURITY-ONSET DIABETES OF THE YOUNG, TYPE 2
125850	9.6358649427148e-07	MATURITY-ONSET DIABETES OF THE YOUNG
610508	9.55136464693576e-07	MATURITY-ONSET DIABETES OF THE YOUNG, TYPE 7
147630	8.96530454318982e-07	NA
609734	8.66217953515172e-07	NA
613370	8.42354494907249e-07	MATURITY-ONSET DIABETES OF THE YOUNG, TYPE 10
612225	8.33154552334235e-07	MATURITY-ONSET DIABETES OF THE YOUNG, TYPE 9
107741	8.23792217554902e-07	NA
606394	8.06543751952892e-07	MATURITY-ONSET DIABETES OF THE YOUNG, TYPE 6
614662	7.6974903563125e-07	NA
614028	7.49257090264381e-07	NA
602247	6.85260968318308e-07	NA
144650	6.62170904543995e-07	NA
260370	6.47050456819509e-07	NA
608320	6.16283597933437e-07	NA
613677	5.87449863765927e-07	NA
612520	5.86818722578184e-07	NA
144300	5.70547644071315e-07	NA
144400	5.65721882195197e-07	NA
615830	5.54864915292e-07	NA
203800	5.44732725319749e-07	NA
605019	5.23277123571636e-07	NA
207750	5.19603611047933e-07	NA
144010	5.17929644268467e-07	HYPERCHOLESTEROLEMIA, FAMILIAL, 2
262190	5.14970273037351e-07	NA
608189	5.13342650106953e-07	NA
304900	5.13244170726726e-07	NA
136120	5.01847482526815e-07	NA
601666	4.64270831554652e-07	NA
108725	4.57964786162506e-07	NA
612780	4.27962593777112e-07	NA
615947	4.26859972335398e-07	NA
610374	4.24272367683361e-07	NA
613877	4.18497116734115e-07	NA
277460	4.16953592512578e-07	NA
145750	4.06037809666329e-07	NA
232240	4.04220872866742e-07	NA
615954	3.96589432526094e-07	NA
612526	3.94861899678369e-07	NA
613347	3.9242029587058e-07	NA
608600	3.87511488617587e-07	NA
604367	3.77228148601851e-07	NA
208300	3.65214922623727e-07	NA
223500	3.63526704871831e-07	NA
260450	3.60987377267764e-07	NA
191540	3.60941500071776e-07	NA
125800	3.53911622829224e-07	DIABETES INSIPIDUS, NEUROHYPOPHYSEAL, X-LINKED
209300	3.53497311147375e-07	NA
615160	3.48053879005347e-07	NA
306000	3.45163079169979e-07	NA
609968	3.29806273400583e-07	NA
246200	3.21082414822158e-07	NA
232220	3.10390224309518e-07	NA
607364	3.07989715257125e-07	NA
612671	3.0179004995084e-07	NA
144600	2.91048052074591e-07	NA
557000	2.87763253121499e-07	NA
615238	2.87290425978789e-07	NA
614496	2.86558029108154e-07	NA
232200	2.80989418432336e-07	NA
614492	2.7312878161172e-07	NA
610475	2.7031529148104e-07	NA
610489	2.7031529148104e-07	NA
219080	2.7031529148104e-07	NA
263800	2.68244309461026e-07	NA
615962	2.67796822874592e-07	NA
605911	2.67701268273754e-07	NA
614495	2.66365928221712e-07	NA
601942	2.60603769694959e-07	NA
610021	2.57924966215246e-07	NA
601198	2.43483573000949e-07	NA
606392	2.36017312238594e-07	MATURITY-ONSET DIABETES OF THE YOUNG, TYPE 4
109160	2.33100408492261e-07	NA
154020	2.28787835673591e-07	NA
610600	2.28516945717198e-07	NA
611718	2.28379455294179e-07	NA
600496	2.18648342905452e-07	MATURITY-ONSET DIABETES OF THE YOUNG, TYPE 3
606824	2.17251091188304e-07	NA
240150	2.16466753521321e-07	NA
614491	2.14728700769774e-07	NA
167755	2.10693699125984e-07	NA
613090	2.08084968468382e-07	NA
601678	2.03410101584989e-07	NA
608709	2.03078853671684e-07	NA
610582	2.00775066940391e-07	NA
300200	1.99617923052449e-07	NA
232900	1.99288759184986e-07	NA
241200	1.92623684419873e-07	NA
103900	1.91658699741321e-07	NA
615751	1.81079045557928e-07	NA
118830	1.7507061539319e-07	NA
152200	1.75067170680199e-07	NA
229800	1.7502841690168e-07	NA
609975	1.737522105772e-07	NA
609812	1.73187852439944e-07	MATURITY-ONSET DIABETES OF THE YOUNG, TYPE 8
143860	1.69981010596814e-07	NA
612227	1.69697729116073e-07	NA
143470	1.67755333357021e-07	NA
263600	1.59264381245558e-07	NA
600089	1.57073318442966e-07	NA
609197	1.55973010191958e-07	NA
614033	1.49260840065729e-07	NA
177200	1.42650940469177e-07	NA
616095	1.36853699652808e-07	NA
126150	1.36830195721313e-07	NA
613327	1.36731693057044e-07	NA
167770	1.35553446199935e-07	NA
145260	1.35044698039258e-07	NA
300539	1.33366657513449e-07	NA
614025	1.30156823326981e-07	NA
171200	1.28045614141116e-07	NA
191530	1.26899145666316e-07	NA
606721	1.26296081917355e-07	NA
605115	1.23034603140317e-07	NA
613743	1.16814431549942e-07	NA
615026	1.15290130927125e-07	NA
600955	1.12739607784543e-07	NA
602485	1.12591723920444e-07	NA
103230	1.10252570376618e-07	NA
606762	1.09903145702749e-07	NA
601941	1.04203832892822e-07	NA
126900	1.03902019477942e-07	NA
268040	1.02344690104854e-07	NA
151800	9.80038258279817e-08	NA
606528	9.56847321474308e-08	NA
179820	9.17574027060258e-08	NA
269200	9.02931504321058e-08	NA
251120	8.88778905139142e-08	NA
174050	8.38951929411211e-08	NA
240800	8.30005911661785e-08	NA
601223	7.2037121750962e-08	NA
194470	6.76541040785677e-08	NA
177735	6.43972423608652e-08	NA
615961	6.25220017529974e-08	NA
212067	5.88028167546582e-08	NA
205400	5.86644727425458e-08	NA
109600	5.67987049677609e-08	NA
129840	5.49873177292567e-08	NA
150170	5.20938548980979e-08	NA
610199	5.12054430516925e-08	NA
203400	5.08597606681814e-08	NA
304800	4.78808570333893e-08	DIABETES INSIPIDUS, NEPHROGENIC, 1, X-LINKED
177600	4.75482349425482e-08	NA
264350	4.55051790715886e-08	NA
241150	4.28975704459661e-08	NA
602475	4.08350443949658e-08	NA
245900	3.91741632728874e-08	NA
218030	3.44004739407081e-08	NA
615517	3.36469963545063e-08	NA
207780	3.31734410934925e-08	NA
138040	3.25379567424325e-08	NA
124060	3.22467094632072e-08	NA
600952	3.16147476952461e-08	NA
145270	3.13205499220078e-08	NA
132810	3.02256496927221e-08	NA
239350	2.80224691712914e-08	NA
607616	2.7859873673652e-08	NA
168820	2.73742593106669e-08	NA
240200	2.73124498449796e-08	NA
214700	2.63626012170661e-08	NA
240300	2.48303572068263e-08	NA
615361	2.28640783033687e-08	NA
210740	2.09867664283635e-08	NA
249599	2.09867664283635e-08	NA
600166	2.08445477194675e-08	NA
200100	2.05002442350621e-08	NA
615558	2.05002442350621e-08	NA
602722	1.94568609534873e-08	NA
166700	1.94128914495004e-08	NA
209010	1.94128914495004e-08	NA
241080	1.94128914495004e-08	NA
560000	1.94128914495004e-08	NA
239199	1.66382168940055e-08	NA
143880	1.49417505140684e-08	NA
source	0	NA
target	0	NA
