DiseaseID	Score	DiseaseName
610947	0.00192374359723024	NA
603813	3.56419058837851e-05	HYPERCHOLESTEROLEMIA, FAMILIAL, 4
615703	3.40489703908376e-05	NA
603776	3.34953268318427e-05	HYPERCHOLESTEROLEMIA, FAMILIAL, 3
108725	2.9183089029488e-05	NA
145750	2.85326030200812e-05	NA
608320	2.75723533626824e-05	NA
144600	2.71130517169056e-05	NA
614028	2.70601303474459e-05	NA
152200	2.65892206133604e-05	NA
191540	2.50547431653554e-05	NA
612671	2.49473187660617e-05	NA
612520	2.48121986058959e-05	NA
143890	2.09164133970535e-05	HYPERCHOLESTEROLEMIA, FAMILIAL, 1
601410	1.46500473564168e-05	TYPE 1 DIABETES MELLITUS 2
601665	1.38874372152408e-05	NA
222100	1.30739817061145e-05	TYPE 1 DIABETES MELLITUS
614736	8.19574024456557e-06	NA
151660	8.02467012861449e-06	NA
605814	7.85114407443363e-06	NA
613375	7.83198471221486e-06	MATURITY-ONSET DIABETES OF THE YOUNG, TYPE 11
616192	7.47138980769521e-06	NA
144250	7.41357750374221e-06	NA
602014	7.37237764611398e-06	NA
615474	7.33575088912661e-06	NA
608594	7.13215243177151e-06	NA
269700	7.12758961351178e-06	NA
615158	7.11520821855648e-06	NA
167800	7.1149367506592e-06	NA
219090	7.00055768605769e-06	NA
602522	6.88392650244506e-06	NA
125853	6.83708089535458e-06	TYPE 2 DIABETES MELLITUS
614190	6.71891163711663e-06	NA
144400	4.09310657635279e-06	NA
238600	3.99850171443142e-06	NA
144650	3.86395347240089e-06	NA
602247	2.95600342004643e-06	NA
605019	2.90002306353885e-06	NA
107741	2.86246077149034e-06	NA
144300	2.56805102544409e-06	NA
144010	2.23213436924721e-06	HYPERCHOLESTEROLEMIA, FAMILIAL, 2
109160	1.71439941491851e-06	NA
136120	1.67584806148037e-06	NA
614025	1.63554048583264e-06	NA
143470	1.49980453993608e-06	NA
615160	1.47148220534095e-06	NA
125852	1.47105638865622e-06	NA
203800	1.41524069598652e-06	NA
604367	1.38243114688809e-06	NA
615812	1.3375320481823e-06	NA
138900	1.32167637000896e-06	NA
150170	1.26285545921937e-06	NA
232900	1.23638748314667e-06	NA
616214	1.22526407389268e-06	NA
207750	1.21353228634875e-06	NA
191530	1.07678210898711e-06	NA
277460	1.05526643825755e-06	NA
205400	9.65909456605014e-07	NA
601666	9.50378331082526e-07	NA
616329	9.12726126618926e-07	NA
616511	8.88225975898067e-07	MATURITY-ONSET DIABETES OF THE YOUNG, TYPE 14
615947	8.6566042929289e-07	NA
232220	8.19634074300191e-07	NA
612526	8.03624855318412e-07	NA
232240	8.0054613986217e-07	NA
145270	7.82644184934803e-07	NA
601223	7.57942926893416e-07	NA
613877	7.37781404320879e-07	NA
194470	7.28655854673722e-07	NA
168820	7.28027093224664e-07	NA
232200	7.21990399813047e-07	NA
306000	7.07275640324584e-07	NA
240900	7.00573754417567e-07	NA
615751	6.96952298883775e-07	NA
177600	6.75606219687371e-07	NA
602025	6.26906257418422e-07	NA
610374	6.25564153129723e-07	NA
615457	6.17556420958317e-07	NA
615238	6.09149638080034e-07	NA
606762	5.81342077005195e-07	NA
190430	5.58762313930259e-07	NA
109600	5.55888178124627e-07	NA
613677	5.49377451202432e-07	NA
601942	5.42571225478725e-07	NA
610508	5.28008980114583e-07	MATURITY-ONSET DIABETES OF THE YOUNG, TYPE 7
126150	5.27642422385063e-07	NA
608600	5.21826632257882e-07	NA
606721	4.95824453449171e-07	NA
245900	4.9320492865247e-07	NA
304900	4.77440595602526e-07	NA
606392	4.7042833328962e-07	MATURITY-ONSET DIABETES OF THE YOUNG, TYPE 4
262190	4.6935321166078e-07	NA
610582	4.68142873418718e-07	NA
615026	4.61836118490445e-07	NA
147630	4.61207766924807e-07	NA
612780	4.60076383965284e-07	NA
240600	4.52797357716278e-07	NA
613370	4.44902739416627e-07	MATURITY-ONSET DIABETES OF THE YOUNG, TYPE 10
612225	4.4101534319616e-07	MATURITY-ONSET DIABETES OF THE YOUNG, TYPE 9
200100	4.22134114699061e-07	NA
615558	4.22134114699061e-07	NA
125851	4.21064981628496e-07	MATURITY-ONSET DIABETES OF THE YOUNG, TYPE 2
215720	4.20331576749623e-07	NA
607616	4.11342850507709e-07	NA
612227	4.03376041058473e-07	NA
615954	3.93144393754928e-07	NA
268040	3.9240735265194e-07	NA
223500	3.9119669992284e-07	NA
246200	3.71754850156102e-07	NA
269200	3.63351421898438e-07	NA
601941	3.52015943896552e-07	NA
125850	3.43939103204101e-07	MATURITY-ONSET DIABETES OF THE YOUNG
615830	3.37063729247233e-07	NA
607364	3.18618640070746e-07	NA
615961	3.16855824993262e-07	NA
557000	3.15331206386638e-07	NA
614496	3.11183898829519e-07	NA
125800	3.10381099969979e-07	DIABETES INSIPIDUS, NEUROHYPOPHYSEAL, X-LINKED
610199	3.00142583920107e-07	NA
263800	2.96171480219126e-07	NA
210740	2.92210749766301e-07	NA
249599	2.92210749766301e-07	NA
240300	2.92096029491982e-07	NA
260370	2.91057697557352e-07	NA
614495	2.88353530339191e-07	NA
207780	2.86227278717872e-07	NA
602475	2.78731610757314e-07	NA
614492	2.76958004361944e-07	NA
601198	2.7193686223e-07	NA
166700	2.70295041625408e-07	NA
209010	2.70295041625408e-07	NA
241080	2.70295041625408e-07	NA
560000	2.70295041625408e-07	NA
615962	2.69019629745888e-07	NA
260350	2.64623906379311e-07	NA
219080	2.59028824384914e-07	NA
610475	2.59028824384914e-07	NA
610489	2.59028824384914e-07	NA
154020	2.56671363980317e-07	NA
611718	2.53755113028984e-07	NA
608709	2.48043986824268e-07	NA
118830	2.41003799855453e-07	NA
601820	2.38724145294365e-07	NA
610600	2.33138667510564e-07	NA
614491	2.21087423706636e-07	NA
613090	2.12884148550821e-07	NA
614033	2.10695167540908e-07	NA
601678	2.10634953248727e-07	NA
300200	2.08696960205629e-07	NA
241200	2.00207369529897e-07	NA
606824	1.98661672674023e-07	NA
276700	1.93299268126992e-07	NA
103900	1.91410004023539e-07	NA
600496	1.90785649827422e-07	MATURITY-ONSET DIABETES OF THE YOUNG, TYPE 3
616095	1.76210561572635e-07	NA
613327	1.69202209364486e-07	NA
600089	1.57092500650619e-07	NA
606394	1.56108229906284e-07	MATURITY-ONSET DIABETES OF THE YOUNG, TYPE 6
103230	1.54181798190004e-07	NA
124060	1.5107244096124e-07	NA
608189	1.50457824299566e-07	NA
177200	1.5025749275166e-07	NA
145260	1.42953013095411e-07	NA
605911	1.41776634133263e-07	NA
615517	1.40294176280048e-07	NA
229500	1.40219938758943e-07	NA
300539	1.39611024746579e-07	NA
167755	1.34189138189133e-07	NA
609812	1.3089893052406e-07	MATURITY-ONSET DIABETES OF THE YOUNG, TYPE 8
143860	1.2857120142308e-07	NA
614662	1.28473333990725e-07	NA
605115	1.24277225181711e-07	NA
132810	1.23434911667594e-07	NA
208300	1.23044385051279e-07	NA
151800	1.21489773185548e-07	NA
263600	1.20539422292609e-07	NA
613743	1.16215597639034e-07	NA
609975	1.15836339830667e-07	NA
609197	1.15781274893513e-07	NA
126900	1.11328955008451e-07	NA
229800	1.103189711695e-07	NA
171200	1.09934514894578e-07	NA
609734	1.04885509220879e-07	NA
613347	1.03894090664748e-07	NA
167770	1.03011975519357e-07	NA
610021	9.58550723590627e-08	NA
260450	9.13436177919805e-08	NA
209300	8.73947547942962e-08	NA
138040	8.54323440353633e-08	NA
174050	8.12002493096857e-08	NA
609968	7.86928907598232e-08	NA
613886	7.79133076074826e-08	NA
256450	7.03634818761386e-08	NA
602485	6.8336238247742e-08	NA
240150	6.03238157889818e-08	NA
177735	5.83232515307899e-08	NA
251120	5.80896769185342e-08	NA
129840	5.13974279440402e-08	NA
179820	4.9056842773415e-08	NA
203400	4.88302448138151e-08	NA
600952	4.43242744096338e-08	NA
304800	4.41512924183901e-08	DIABETES INSIPIDUS, NEPHROGENIC, 1, X-LINKED
241150	4.36267955441865e-08	NA
305700	4.2615231253221e-08	NA
606528	4.14607006212159e-08	NA
264350	4.0370694137178e-08	NA
218030	3.4320301920857e-08	NA
240200	2.84229771519218e-08	NA
240800	2.79812660508423e-08	NA
615361	2.74466236745588e-08	NA
239350	2.7437953280321e-08	NA
214700	2.539243908308e-08	NA
600955	2.16633967409993e-08	NA
600166	2.14797426052377e-08	NA
602722	1.4378552895385e-08	NA
239199	1.40620010697535e-08	NA
143880	1.36676300017812e-08	NA
212067	8.19769045698912e-09	NA
source	0	NA
target	0	NA
