DiseaseID	Score	DiseaseName
601410	0.00206823739756997	TYPE 1 DIABETES MELLITUS 2
614736	3.38700564575405e-05	NA
616214	3.25569996001799e-05	NA
125852	3.13980982642075e-05	NA
612520	2.90925279456919e-05	NA
601666	2.86109590669397e-05	NA
601942	2.73886531959551e-05	NA
610374	2.70629194452301e-05	NA
223500	2.66129885882962e-05	NA
615954	2.65963512217471e-05	NA
262190	2.65897633847493e-05	NA
260370	2.62003846835748e-05	NA
300200	2.61195865746256e-05	NA
143890	2.08216557458755e-05	HYPERCHOLESTEROLEMIA, FAMILIAL, 1
222100	1.45100396386472e-05	TYPE 1 DIABETES MELLITUS
601665	1.3573330452415e-05	NA
616192	1.02044986548005e-05	NA
613375	8.34104128385567e-06	MATURITY-ONSET DIABETES OF THE YOUNG, TYPE 11
608594	8.25397626310759e-06	NA
219090	8.18600980640416e-06	NA
615158	8.05226823850922e-06	NA
167800	8.02478349426137e-06	NA
269700	7.96766658461148e-06	NA
614190	7.7234071991527e-06	NA
603813	7.70265986378995e-06	HYPERCHOLESTEROLEMIA, FAMILIAL, 4
610947	7.53437917970243e-06	NA
151660	7.50502994255237e-06	NA
125853	7.38913158817209e-06	TYPE 2 DIABETES MELLITUS
615703	7.33283043628753e-06	NA
605814	7.29513736236178e-06	NA
615474	7.22596316479579e-06	NA
602522	7.14442846192766e-06	NA
603776	7.01028250937786e-06	HYPERCHOLESTEROLEMIA, FAMILIAL, 3
602014	6.68179511703467e-06	NA
616511	4.36074561660411e-06	MATURITY-ONSET DIABETES OF THE YOUNG, TYPE 14
616329	4.08702815877927e-06	NA
144250	3.87527214034175e-06	NA
238600	3.46447588837586e-06	NA
147630	2.46060410869008e-06	NA
601941	2.02319240884617e-06	NA
240600	2.00231978518825e-06	NA
606392	1.93098743754371e-06	MATURITY-ONSET DIABETES OF THE YOUNG, TYPE 4
601820	1.85073731218947e-06	NA
612227	1.81519994558685e-06	NA
615961	1.79129298528492e-06	NA
614662	1.78537393645885e-06	NA
600496	1.7625893512083e-06	MATURITY-ONSET DIABETES OF THE YOUNG, TYPE 3
557000	1.69930079544401e-06	NA
600089	1.68924832895686e-06	NA
246200	1.67566230793547e-06	NA
203800	1.64117625664379e-06	NA
607364	1.53148235233503e-06	NA
610199	1.49380031218398e-06	NA
610600	1.42428706599816e-06	NA
615830	1.42336578439653e-06	NA
605911	1.39820457297975e-06	NA
167755	1.33122131257765e-06	NA
613743	1.32479834965249e-06	NA
219080	1.30732676854103e-06	NA
610475	1.30732676854103e-06	NA
610489	1.30732676854103e-06	NA
103230	1.29131375134826e-06	NA
610508	1.22131188654556e-06	MATURITY-ONSET DIABETES OF THE YOUNG, TYPE 7
203400	1.2049194818404e-06	NA
600955	1.20206704891309e-06	NA
240900	1.16135732705366e-06	NA
260350	1.11459001747613e-06	NA
608189	1.10686589252341e-06	NA
610582	1.0348291593572e-06	NA
615160	1.00820090642527e-06	NA
269200	1.00573075244695e-06	NA
256450	1.00187046336179e-06	NA
610021	9.7783180416639e-07	NA
602485	9.7674621324065e-07	NA
608600	9.50110867125099e-07	NA
207780	9.28518422719665e-07	NA
210740	9.2616689841765e-07	NA
249599	9.2616689841765e-07	NA
240300	9.17048213461613e-07	NA
613370	8.78310496013229e-07	MATURITY-ONSET DIABETES OF THE YOUNG, TYPE 10
609968	8.78008399668308e-07	NA
614033	8.71622426776213e-07	NA
166700	8.56704404229236e-07	NA
209010	8.56704404229236e-07	NA
241080	8.56704404229236e-07	NA
560000	8.56704404229236e-07	NA
107741	8.03858441133037e-07	NA
229500	7.99216947767097e-07	NA
229800	7.67625691808606e-07	NA
215720	7.65118085512223e-07	NA
609197	7.37244826218205e-07	NA
604367	7.31865987985265e-07	NA
614028	7.0501834528559e-07	NA
125851	7.04568549321582e-07	MATURITY-ONSET DIABETES OF THE YOUNG, TYPE 2
602247	6.69830018450202e-07	NA
613677	6.67935744865352e-07	NA
125850	6.64749357640346e-07	MATURITY-ONSET DIABETES OF THE YOUNG
129840	6.43601154787694e-07	NA
602475	6.28127786223291e-07	NA
612225	6.24722536377237e-07	MATURITY-ONSET DIABETES OF THE YOUNG, TYPE 9
144650	6.14011170462043e-07	NA
615962	6.08629938797852e-07	NA
606394	6.00329531862116e-07	MATURITY-ONSET DIABETES OF THE YOUNG, TYPE 6
606824	5.89979743596972e-07	NA
602025	5.8544374109162e-07	NA
615457	5.7472298093543e-07	NA
144300	5.63030626649416e-07	NA
190430	5.62436814863497e-07	NA
612780	5.60502039584199e-07	NA
304900	5.52178966081117e-07	NA
144400	5.50265965260262e-07	NA
613877	5.38428049911353e-07	NA
263600	5.3469002286806e-07	NA
171200	5.26553566599642e-07	NA
616095	5.20386290490922e-07	NA
615751	5.12088270172857e-07	NA
144010	5.1079578587269e-07	HYPERCHOLESTEROLEMIA, FAMILIAL, 2
609734	4.9892507560059e-07	NA
136120	4.88440232740245e-07	NA
605019	4.72232713654395e-07	NA
179820	4.71122520904689e-07	NA
609975	4.68503477253732e-07	NA
207750	4.64677047395876e-07	NA
108725	4.58579739994187e-07	NA
612526	4.4159832037662e-07	NA
615026	4.34690410025656e-07	NA
125800	4.15439725585848e-07	DIABETES INSIPIDUS, NEUROHYPOPHYSEAL, X-LINKED
277460	4.10085884544741e-07	NA
606762	4.05128648247892e-07	NA
145750	4.04150451858154e-07	NA
606528	4.03059315586228e-07	NA
600166	3.95846322587904e-07	NA
126900	3.94497577861402e-07	NA
608320	3.67447748421498e-07	NA
614496	3.58601927523164e-07	NA
613090	3.32409919917277e-07	NA
615238	3.31831002974109e-07	NA
600952	3.30761277535642e-07	NA
263800	3.10363801155577e-07	NA
306000	3.09832507502267e-07	NA
614492	3.07189594914399e-07	NA
614495	3.02674597579397e-07	NA
601678	3.01477656806827e-07	NA
144600	2.95602366119445e-07	NA
609812	2.8221111799887e-07	MATURITY-ONSET DIABETES OF THE YOUNG, TYPE 8
601198	2.75016324263717e-07	NA
103900	2.73824051904763e-07	NA
241200	2.7054753519067e-07	NA
614491	2.60498325871505e-07	NA
611718	2.44196369117821e-07	NA
608709	2.40646931170771e-07	NA
154020	2.35694421625883e-07	NA
118830	2.31006021768433e-07	NA
191540	2.2298544086516e-07	NA
177200	2.10920345123048e-07	NA
300539	2.10413146534888e-07	NA
143860	2.08888576625173e-07	NA
615812	2.05227377627982e-07	NA
167770	1.94983022349661e-07	NA
613347	1.84375707666878e-07	NA
208300	1.79837103332723e-07	NA
177735	1.79607774664738e-07	NA
264350	1.79427850222292e-07	NA
152200	1.71436096706885e-07	NA
613327	1.68874684114311e-07	NA
143470	1.65512061394704e-07	NA
605115	1.64376400572448e-07	NA
268040	1.60939233559952e-07	NA
615947	1.5748762472011e-07	NA
145260	1.55597312680622e-07	NA
276700	1.45470689720666e-07	NA
260450	1.4402978620894e-07	NA
606721	1.4320506251138e-07	NA
232220	1.37209384688539e-07	NA
612671	1.36469097321945e-07	NA
209300	1.36015181684541e-07	NA
151800	1.33307178573372e-07	NA
614025	1.33262267934272e-07	NA
251120	1.32139181488975e-07	NA
109160	1.27757686749357e-07	NA
126150	1.26859731702792e-07	NA
304800	1.22365330250498e-07	DIABETES INSIPIDUS, NEPHROGENIC, 1, X-LINKED
109600	1.2212341695887e-07	NA
191530	1.20283849063647e-07	NA
240800	1.15282424987596e-07	NA
174050	1.07931460680778e-07	NA
218030	8.75895938237478e-08	NA
232200	8.09934583446387e-08	NA
214700	7.96233595870113e-08	NA
138900	7.75066410164708e-08	NA
241150	7.61191414576692e-08	NA
613886	7.47064472253954e-08	NA
194470	7.2960904510693e-08	NA
601223	7.25510769828083e-08	NA
239199	5.87766115203565e-08	NA
239350	5.84205962737965e-08	NA
240200	5.80614140434148e-08	NA
132810	5.78658117162857e-08	NA
205400	5.67155385593016e-08	NA
305700	5.36272189039346e-08	NA
602722	5.30057935162301e-08	NA
177600	5.27562146255731e-08	NA
240150	5.16067247786569e-08	NA
212067	5.00395194769491e-08	NA
138040	4.94461157443587e-08	NA
232240	4.45096092776831e-08	NA
145270	4.38433765197911e-08	NA
150170	4.15270846903226e-08	NA
168820	3.92125218587065e-08	NA
615517	3.89751165716606e-08	NA
245900	3.7394792430092e-08	NA
124060	2.84182531177672e-08	NA
615361	2.82930503732125e-08	NA
607616	2.63896218963275e-08	NA
143880	2.00546163754452e-08	NA
615558	1.9145952134897e-08	NA
200100	1.9145952134897e-08	NA
232900	1.37009738030455e-08	NA
source	0	NA
target	0	NA
