DiseaseID	Score	DiseaseName
614190	0.00202876834253393	NA
615158	0.00202604685874095	NA
614496	4.45418089250069e-05	NA
614492	4.41101353762821e-05	NA
614495	4.38670192302992e-05	NA
613677	2.88246114239316e-05	NA
615830	2.83015686141454e-05	NA
219080	2.75462781737968e-05	NA
610475	2.75462781737968e-05	NA
610489	2.75462781737968e-05	NA
614491	2.74725319531299e-05	NA
614736	2.59223317451991e-05	NA
103230	2.58368149752807e-05	NA
103900	2.55772336674523e-05	NA
613743	2.50176820427266e-05	NA
616214	2.38495488514718e-05	NA
171200	2.36316195236129e-05	NA
615160	2.31033951108982e-05	NA
143890	2.11178091913275e-05	HYPERCHOLESTEROLEMIA, FAMILIAL, 1
616511	2.03805607804965e-05	MATURITY-ONSET DIABETES OF THE YOUNG, TYPE 14
229500	2.00858044800084e-05	NA
615026	1.97322023270634e-05	NA
615751	1.9516762992288e-05	NA
616095	1.94683733987571e-05	NA
240600	1.90587555094781e-05	NA
606824	1.87887809122514e-05	NA
263600	1.85795148163813e-05	NA
229800	1.82974142061244e-05	NA
609197	1.82679460450477e-05	NA
614033	1.80788154742377e-05	NA
609975	1.73480191495399e-05	NA
601410	1.47600325269224e-05	TYPE 1 DIABETES MELLITUS 2
222100	1.45868773172114e-05	TYPE 1 DIABETES MELLITUS
601665	1.36361992067854e-05	NA
219090	1.28339083075476e-05	NA
615474	1.11262565801266e-05	NA
613375	8.30071161519245e-06	MATURITY-ONSET DIABETES OF THE YOUNG, TYPE 11
125853	7.7899199291943e-06	TYPE 2 DIABETES MELLITUS
603813	7.70640981621044e-06	HYPERCHOLESTEROLEMIA, FAMILIAL, 4
616192	7.6237000666512e-06	NA
151660	7.45300288914741e-06	NA
269700	7.19934460933733e-06	NA
602522	7.14147784841756e-06	NA
610947	7.09682979802275e-06	NA
615703	7.02690248888222e-06	NA
603776	6.8936375771647e-06	HYPERCHOLESTEROLEMIA, FAMILIAL, 3
608594	6.87655646356054e-06	NA
167800	6.68056851019815e-06	NA
602014	6.6549523955609e-06	NA
605814	6.569022016986e-06	NA
615954	5.96288139358768e-06	NA
145260	5.22371444666207e-06	NA
616329	4.76808533873595e-06	NA
610374	4.54615174033982e-06	NA
177200	4.25514428224739e-06	NA
610508	4.23736535938799e-06	MATURITY-ONSET DIABETES OF THE YOUNG, TYPE 7
144250	4.06754577068322e-06	NA
177735	4.02390216879299e-06	NA
238600	3.68974971673283e-06	NA
240200	3.51973253104845e-06	NA
613090	3.41591417742304e-06	NA
615517	3.34795626034595e-06	NA
606392	3.31890005135161e-06	MATURITY-ONSET DIABETES OF THE YOUNG, TYPE 4
125852	3.11133526837072e-06	NA
300200	2.84899708106446e-06	NA
125850	2.77949180021082e-06	MATURITY-ONSET DIABETES OF THE YOUNG
264350	2.60918227291508e-06	NA
610600	2.55736570803366e-06	NA
607364	2.52057787779568e-06	NA
138040	2.47251348857055e-06	NA
218030	2.39577834584249e-06	NA
612780	2.39414770241806e-06	NA
125851	2.35941935537816e-06	MATURITY-ONSET DIABETES OF THE YOUNG, TYPE 2
615962	2.1664972463832e-06	NA
605911	2.01271448560081e-06	NA
609968	2.01163033464514e-06	NA
109160	1.9651555638463e-06	NA
240900	1.9496979977614e-06	NA
109600	1.85054876276008e-06	NA
147630	1.7916758719003e-06	NA
606528	1.77101481387784e-06	NA
605115	1.76033682845259e-06	NA
251120	1.58528515111786e-06	NA
606762	1.49378507546709e-06	NA
614028	1.35869293006851e-06	NA
612227	1.35827573489986e-06	NA
612520	1.34108641890489e-06	NA
191540	1.29748618477833e-06	NA
212067	1.24643048401208e-06	NA
613370	1.16711315576901e-06	MATURITY-ONSET DIABETES OF THE YOUNG, TYPE 10
610021	1.16613936666148e-06	NA
262190	1.16456237018678e-06	NA
601666	1.13427799627971e-06	NA
304900	1.13377990260808e-06	NA
615812	1.10205173264531e-06	NA
300539	1.01350810674546e-06	NA
602722	9.84896661556252e-07	NA
601678	9.72268498327263e-07	NA
602485	9.50676613639864e-07	NA
306000	9.3181072701648e-07	NA
601820	9.00804126504692e-07	NA
601942	8.8398861357653e-07	NA
600952	8.63962601160901e-07	NA
610582	8.45693661601425e-07	NA
256450	8.08458433006481e-07	NA
611718	7.92578297178418e-07	NA
215720	7.26755620894567e-07	NA
203800	7.15084095502853e-07	NA
601941	7.07279930028939e-07	NA
203400	6.95533528880562e-07	NA
612671	6.88697496186648e-07	NA
613877	6.76711263230283e-07	NA
602247	6.76109647470434e-07	NA
240800	6.75772087025599e-07	NA
150170	6.62459576781766e-07	NA
602025	6.55542199561824e-07	NA
614662	6.50414990785701e-07	NA
132810	6.4450088531674e-07	NA
615457	6.40990743883892e-07	NA
144650	6.39049197696716e-07	NA
612225	6.34643998500086e-07	MATURITY-ONSET DIABETES OF THE YOUNG, TYPE 9
604367	6.31684683294988e-07	NA
107741	6.24948489663205e-07	NA
608600	6.03971710289088e-07	NA
601223	5.91986138297111e-07	NA
190430	5.91648675027878e-07	NA
177600	5.91396334047581e-07	NA
223500	5.87941686287468e-07	NA
144300	5.79297384576748e-07	NA
144400	5.6853651680498e-07	NA
108725	5.46707045362307e-07	NA
615961	5.44819266324105e-07	NA
136120	5.3581950051255e-07	NA
246200	5.33257314272998e-07	NA
241200	5.25280357135134e-07	NA
144010	5.16637321863503e-07	HYPERCHOLESTEROLEMIA, FAMILIAL, 2
600089	5.04406119220121e-07	NA
125800	5.01136827757617e-07	DIABETES INSIPIDUS, NEUROHYPOPHYSEAL, X-LINKED
214700	4.91461642453913e-07	NA
207750	4.75723009317779e-07	NA
600496	4.70251209017641e-07	MATURITY-ONSET DIABETES OF THE YOUNG, TYPE 3
605019	4.58558973404556e-07	NA
263800	4.46065951209426e-07	NA
277460	4.22826353038746e-07	NA
145750	4.07440937439652e-07	NA
612526	4.05191859595447e-07	NA
608320	3.97209909674982e-07	NA
606394	3.9379594026969e-07	MATURITY-ONSET DIABETES OF THE YOUNG, TYPE 6
609734	3.88642122740739e-07	NA
601198	3.67284020057965e-07	NA
600955	3.58798244018225e-07	NA
143860	3.57277504679123e-07	NA
260370	3.50894407250017e-07	NA
610199	3.42387909638143e-07	NA
602475	3.12105241922153e-07	NA
615238	3.01730674112979e-07	NA
144600	2.90296765244406e-07	NA
191530	2.85986538201012e-07	NA
154020	2.82485864345754e-07	NA
260350	2.72617400020544e-07	NA
179820	2.72533521071903e-07	NA
126150	2.67502404612362e-07	NA
124060	2.66907838235712e-07	NA
143470	2.64991176863574e-07	NA
241150	2.56894534120209e-07	NA
609812	2.45627946946622e-07	MATURITY-ONSET DIABETES OF THE YOUNG, TYPE 8
167755	2.26286581305045e-07	NA
194470	2.2565966455293e-07	NA
608189	2.201460423843e-07	NA
608709	2.18526934335638e-07	NA
304800	2.05970705676461e-07	DIABETES INSIPIDUS, NEPHROGENIC, 1, X-LINKED
615947	2.05426310661552e-07	NA
145270	2.05037402822987e-07	NA
239199	2.01731176595009e-07	NA
557000	1.93569037269143e-07	NA
268040	1.90150881826896e-07	NA
168820	1.82113275873026e-07	NA
118830	1.72808118197674e-07	NA
152200	1.70266128136598e-07	NA
600166	1.59677334665802e-07	NA
138900	1.52938834599383e-07	NA
613327	1.44971250938605e-07	NA
129840	1.44964371686754e-07	NA
126900	1.43421231467307e-07	NA
606721	1.42186458770326e-07	NA
232220	1.41659747952792e-07	NA
614025	1.35585483195297e-07	NA
615361	1.34099488564659e-07	NA
269200	1.21723291795858e-07	NA
167770	1.20894533692844e-07	NA
208300	1.20295178545865e-07	NA
613347	1.18795081394441e-07	NA
151800	1.17087968863293e-07	NA
232200	1.09509380926813e-07	NA
276700	1.0619515490407e-07	NA
260450	9.17448844232704e-08	NA
209300	8.50863674518684e-08	NA
613886	8.16357870229591e-08	NA
232900	7.94624227515069e-08	NA
305700	7.77561226425592e-08	NA
174050	7.61172925355025e-08	NA
232240	7.43293860430224e-08	NA
207780	7.34305953543342e-08	NA
205400	6.75760778840424e-08	NA
239350	6.48070170451462e-08	NA
240300	5.78801033446951e-08	NA
210740	5.46775188384374e-08	NA
249599	5.46775188384374e-08	NA
240150	5.3500361645525e-08	NA
166700	5.05768208748109e-08	NA
209010	5.05768208748109e-08	NA
241080	5.05768208748109e-08	NA
560000	5.05768208748109e-08	NA
245900	4.68503382753222e-08	NA
607616	3.54797603871667e-08	NA
143880	3.35283993169885e-08	NA
200100	2.82590406633228e-08	NA
615558	2.82590406633228e-08	NA
source	0	NA
target	0	NA
