DiseaseID	Score	DiseaseName
143890	2.08366540090567e-05	HYPERCHOLESTEROLEMIA, FAMILIAL, 1
601410	1.42434187854417e-05	TYPE 1 DIABETES MELLITUS 2
601665	1.38351290213742e-05	NA
222100	1.38332450287879e-05	TYPE 1 DIABETES MELLITUS
603813	7.71784653689588e-06	HYPERCHOLESTEROLEMIA, FAMILIAL, 4
613375	7.68100033133191e-06	MATURITY-ONSET DIABETES OF THE YOUNG, TYPE 11
151660	7.34466784195461e-06	NA
616192	7.29898076052741e-06	NA
610947	7.27806196216257e-06	NA
614736	7.25958563675234e-06	NA
603776	7.25236974657874e-06	HYPERCHOLESTEROLEMIA, FAMILIAL, 3
615158	7.15910099598625e-06	NA
269700	7.10917352950999e-06	NA
615474	7.04396284432985e-06	NA
602522	7.01240634826358e-06	NA
219090	6.99193544232084e-06	NA
614190	6.95503222570004e-06	NA
608594	6.89333170544984e-06	NA
615703	6.82862384183374e-06	NA
605814	6.78725058963016e-06	NA
167800	6.77858566305e-06	NA
125853	6.67134113215369e-06	TYPE 2 DIABETES MELLITUS
602014	6.53388612018032e-06	NA
144250	4.10466093497032e-06	NA
238600	3.69711475942909e-06	NA
125852	8.82578958923956e-07	NA
616214	8.14278116316869e-07	NA
240900	6.7688573279254e-07	NA
614028	6.66319387735745e-07	NA
602247	6.57034301619254e-07	NA
144650	5.9588109720412e-07	NA
602025	5.68900976638351e-07	NA
144300	5.67324290094845e-07	NA
613677	5.61564655717282e-07	NA
615457	5.60254898273263e-07	NA
107741	5.57490685985391e-07	NA
144400	5.51126034371561e-07	NA
190430	5.5015173918885e-07	NA
612520	5.28100800686532e-07	NA
203800	5.24200605783485e-07	NA
616511	5.11297543402593e-07	MATURITY-ONSET DIABETES OF THE YOUNG, TYPE 14
144010	5.06899899487463e-07	HYPERCHOLESTEROLEMIA, FAMILIAL, 2
304900	4.9583614350178e-07	NA
136120	4.80635051251681e-07	NA
616329	4.66588324711454e-07	NA
207750	4.6303847085431e-07	NA
605019	4.53220584189381e-07	NA
147630	4.37361494278246e-07	NA
612780	4.34419994632843e-07	NA
108725	4.33565731871523e-07	NA
601666	4.321912112152e-07	NA
262190	4.28602492943668e-07	NA
240600	4.16043545223227e-07	NA
277460	4.08544413832512e-07	NA
613877	3.95192151944735e-07	NA
145750	3.94329025208876e-07	NA
608600	3.78491986677425e-07	NA
615954	3.74093501986949e-07	NA
223500	3.7391312349526e-07	NA
215720	3.72852822323197e-07	NA
612526	3.61087481859535e-07	NA
608320	3.5869052328931e-07	NA
604367	3.57955459861738e-07	NA
125800	3.26233320275553e-07	DIABETES INSIPIDUS, NEUROHYPOPHYSEAL, X-LINKED
610374	3.26193221267057e-07	NA
607364	3.16568810842544e-07	NA
246200	3.13166394837951e-07	NA
144600	2.87945376442832e-07	NA
306000	2.8309864209599e-07	NA
614496	2.79907990748792e-07	NA
615830	2.79628079630764e-07	NA
615238	2.78540590926593e-07	NA
260370	2.72426252316349e-07	NA
614492	2.69579680207816e-07	NA
263800	2.67317858479079e-07	NA
614495	2.60459328407414e-07	NA
219080	2.59043580931968e-07	NA
610475	2.59043580931968e-07	NA
610489	2.59043580931968e-07	NA
615962	2.50574420497993e-07	NA
260350	2.4781534990931e-07	NA
601198	2.43036713418191e-07	NA
610600	2.33604861859183e-07	NA
601942	2.30390432173891e-07	NA
154020	2.276808570458e-07	NA
611718	2.25073759141545e-07	NA
613090	2.15469748202212e-07	NA
601820	2.15379565884558e-07	NA
615160	2.13842559409619e-07	NA
614491	2.13398539124996e-07	NA
601678	2.10912117440027e-07	NA
610508	2.08581854195411e-07	MATURITY-ONSET DIABETES OF THE YOUNG, TYPE 7
608709	2.04246845336925e-07	NA
300200	2.00868277725573e-07	NA
241200	2.00343323947327e-07	NA
125851	1.91567136681142e-07	MATURITY-ONSET DIABETES OF THE YOUNG, TYPE 2
125850	1.90136936979198e-07	MATURITY-ONSET DIABETES OF THE YOUNG
103900	1.88985159446654e-07	NA
152200	1.69883340413874e-07	NA
606824	1.69302177752419e-07	NA
118830	1.6092595280228e-07	NA
615812	1.54154961017555e-07	NA
615947	1.51807337083584e-07	NA
143470	1.51357599652298e-07	NA
606392	1.4330201009158e-07	MATURITY-ONSET DIABETES OF THE YOUNG, TYPE 4
177200	1.42611139838439e-07	NA
191540	1.35680607880135e-07	NA
614025	1.35556029486739e-07	NA
145260	1.3506785302358e-07	NA
600496	1.34190127605879e-07	MATURITY-ONSET DIABETES OF THE YOUNG, TYPE 3
300539	1.34147835156959e-07	NA
608189	1.32641353838813e-07	NA
613327	1.31125248622883e-07	NA
606721	1.24743461041157e-07	NA
143860	1.24055050215341e-07	NA
600089	1.2288708368588e-07	NA
612227	1.22584790463962e-07	NA
229500	1.20580218022673e-07	NA
610582	1.20397199747411e-07	NA
605115	1.15920722123811e-07	NA
613743	1.15531811482256e-07	NA
167755	1.1358655867455e-07	NA
613370	1.12511443227717e-07	MATURITY-ONSET DIABETES OF THE YOUNG, TYPE 10
612671	1.06584751506276e-07	NA
616095	1.06389233458804e-07	NA
232220	1.05834026500377e-07	NA
612225	1.03383046177049e-07	MATURITY-ONSET DIABETES OF THE YOUNG, TYPE 9
614662	1.03367836084478e-07	NA
103230	1.03131646138189e-07	NA
605911	1.01473439623069e-07	NA
609812	1.01175843413203e-07	MATURITY-ONSET DIABETES OF THE YOUNG, TYPE 8
126900	1.00612736734224e-07	NA
208300	9.93912880576468e-08	NA
276700	9.82491834966167e-08	NA
613347	9.76889497269267e-08	NA
615751	9.76124248932113e-08	NA
171200	9.75798883939426e-08	NA
126150	9.66212356261317e-08	NA
191530	9.64401293093545e-08	NA
614033	9.5569378226131e-08	NA
615026	9.49409975929117e-08	NA
606394	9.42557899914029e-08	MATURITY-ONSET DIABETES OF THE YOUNG, TYPE 6
167770	9.40965650912466e-08	NA
151800	9.29579434118887e-08	NA
609975	8.90843123632008e-08	NA
609734	8.73722749127521e-08	NA
268040	8.72366510547758e-08	NA
269200	8.65042800379229e-08	NA
229800	8.64524848085791e-08	NA
260450	8.60847019664678e-08	NA
209300	8.28864571766211e-08	NA
609197	8.06771479936022e-08	NA
263600	8.06360582735849e-08	NA
232200	7.93457672858779e-08	NA
174050	7.51003603002203e-08	NA
613886	7.28518145838836e-08	NA
138900	6.25113940303365e-08	NA
601941	5.83249034923238e-08	NA
177735	5.69384451344217e-08	NA
205400	5.54083305081427e-08	NA
557000	5.41683153018369e-08	NA
240150	5.33624514990556e-08	NA
610021	4.98180610254152e-08	NA
203400	4.82712415697871e-08	NA
256450	4.63698331484063e-08	NA
304800	4.41694228344139e-08	DIABETES INSIPIDUS, NEPHROGENIC, 1, X-LINKED
609968	4.31745018389063e-08	NA
241150	4.22795155603382e-08	NA
305700	3.97940083366188e-08	NA
615961	3.95998189502535e-08	NA
232240	3.91122998758728e-08	NA
264350	3.90819710970665e-08	NA
245900	3.65423035940373e-08	NA
251120	3.49653462184555e-08	NA
218030	3.32395503994346e-08	NA
610199	3.20050176697733e-08	NA
129840	3.04792289246004e-08	NA
207780	3.04718578245629e-08	NA
109160	3.01416392917119e-08	NA
138040	3.006233786144e-08	NA
615517	2.7423196323323e-08	NA
602485	2.74059297745068e-08	NA
240200	2.66371229696442e-08	NA
239350	2.64157713281477e-08	NA
109600	2.61843067172696e-08	NA
607616	2.55199197222662e-08	NA
214700	2.48364851116609e-08	NA
606528	2.38106006811527e-08	NA
179820	2.37234366311196e-08	NA
615361	2.29476303019716e-08	NA
602475	2.25952883648368e-08	NA
240300	2.22407105763753e-08	NA
601223	2.19085296247965e-08	NA
194470	2.13896268076437e-08	NA
606762	2.04397281281543e-08	NA
600955	1.93624573343356e-08	NA
210740	1.84329177779036e-08	NA
249599	1.84329177779036e-08	NA
200100	1.83422256061151e-08	NA
615558	1.83422256061151e-08	NA
166700	1.70505534901667e-08	NA
209010	1.70505534901667e-08	NA
241080	1.70505534901667e-08	NA
560000	1.70505534901667e-08	NA
600952	1.69605271713304e-08	NA
168820	1.56072433659037e-08	NA
150170	1.43137844863978e-08	NA
145270	1.42625635505361e-08	NA
143880	1.41020852709089e-08	NA
177600	1.40635833463799e-08	NA
239199	1.30426802306778e-08	NA
124060	1.14117658351339e-08	NA
602722	1.09327356898629e-08	NA
132810	9.98562738548845e-09	NA
232900	9.32203634113468e-09	NA
600166	8.90884465710653e-09	NA
240800	7.05263280119439e-09	NA
212067	6.24001464995677e-09	NA
source	0	NA
target	0	NA
