DiseaseID	Score
143890	2.06350885716173e-05
601410	1.45950713942402e-05
601665	1.34682189463946e-05
222100	1.34571834874276e-05
613375	8.02119910266387e-06
615474	7.81258392186671e-06
151660	7.74598242322672e-06
610947	7.52632815440448e-06
603776	7.47204680699861e-06
608594	7.43026665573759e-06
614736	7.42007012170303e-06
125853	7.39365860209291e-06
269700	7.36627844551857e-06
602522	7.16817992575142e-06
616192	7.15713614157372e-06
615703	7.11103049892492e-06
603813	7.0000275244259e-06
615158	6.89393169338658e-06
219090	6.71380243309012e-06
614190	6.66846472612595e-06
605814	6.37742929185821e-06
167800	6.32976856764079e-06
602014	6.04465546097845e-06
144250	3.99835810666224e-06
238600	3.58932017782304e-06
125852	8.85923566183452e-07
616214	8.12691901895479e-07
240900	6.69369828524408e-07
614028	6.54787703154551e-07
602247	6.47543644766396e-07
144650	5.79316653160424e-07
613677	5.61951611124829e-07
602025	5.59532513662298e-07
144300	5.59070384072068e-07
615457	5.51014575242666e-07
107741	5.49837738953471e-07
144400	5.43906366474474e-07
190430	5.40906159854842e-07
203800	5.390396266394e-07
612520	5.32820723698046e-07
616511	5.11668665289394e-07
144010	4.95590511295693e-07
304900	4.90524193258047e-07
136120	4.73796676054049e-07
616329	4.69982423467924e-07
207750	4.56430339395146e-07
262190	4.45160443507248e-07
605019	4.40434214718626e-07
108725	4.39478506928254e-07
601666	4.33333880495593e-07
147630	4.24463428238784e-07
612780	4.21389836057162e-07
613877	4.15658087064923e-07
240600	4.06116914987612e-07
277460	3.99529503711563e-07
608600	3.9793502147593e-07
145750	3.9295742057041e-07
612526	3.79411008368791e-07
604367	3.76273861926048e-07
223500	3.7477654884043e-07
615954	3.71476428212091e-07
215720	3.65833734848194e-07
608320	3.61139401175775e-07
610374	3.40615294062835e-07
607364	3.29494001959345e-07
246200	3.29429809404772e-07
125800	3.18364632830614e-07
615238	2.95050910567281e-07
614496	2.85207949961318e-07
144600	2.82835147620204e-07
614492	2.74765309674948e-07
260370	2.72053877016263e-07
615830	2.69638590356652e-07
306000	2.68725385543912e-07
614495	2.65211722859488e-07
615962	2.55134736490461e-07
263800	2.50936050004456e-07
219080	2.4910828679015e-07
610475	2.4910828679015e-07
610489	2.4910828679015e-07
610600	2.37429410272658e-07
260350	2.37343072729727e-07
601942	2.35094233192586e-07
601198	2.26480442189662e-07
610508	2.21706349680842e-07
614491	2.20773438421092e-07
601820	2.1988994247959e-07
613090	2.18869533246372e-07
615160	2.13630433593322e-07
601678	2.13447018885305e-07
608709	2.13351014201314e-07
154020	2.10818278124603e-07
611718	2.08750513003117e-07
300200	2.05315085981595e-07
125851	2.04502660036684e-07
125850	2.02969085838562e-07
241200	2.02791662202835e-07
103900	1.95504837819045e-07
152200	1.71764566692747e-07
606824	1.69054250182473e-07
615812	1.55823769169952e-07
177200	1.54193268806868e-07
606392	1.53911302374392e-07
118830	1.53613977470246e-07
143470	1.52922230177314e-07
615947	1.52808475629363e-07
145260	1.46031617587924e-07
600496	1.45011206674271e-07
300539	1.44328682170578e-07
613327	1.40436105588673e-07
191540	1.39459702834145e-07
143860	1.32587096945784e-07
600089	1.31949077046325e-07
610582	1.30540156455689e-07
606721	1.29313872613169e-07
614025	1.28226264854007e-07
605115	1.26365910421464e-07
608189	1.25544917459581e-07
612227	1.18243061658453e-07
229500	1.18088795220176e-07
613370	1.16590728766436e-07
613743	1.12337402048948e-07
126900	1.10273395669531e-07
612671	1.09922493581664e-07
167755	1.08522356124034e-07
612225	1.07481404962826e-07
614662	1.07227589574414e-07
605911	1.04924068895026e-07
232220	1.04361330827871e-07
616095	1.03225303293519e-07
103230	1.00122617924294e-07
126150	9.97687963618899e-08
191530	9.94876989140311e-08
606394	9.82646978942214e-08
151800	9.74202391037191e-08
609812	9.57699000186049e-08
615751	9.50363199876706e-08
276700	9.50107301287489e-08
171200	9.47921557615012e-08
614033	9.42009363337678e-08
208300	9.3798849111049e-08
615026	9.23511680316438e-08
613347	9.16543019736396e-08
268040	9.07810395169323e-08
609734	9.07313792172789e-08
167770	8.83600163341557e-08
609975	8.56703211239184e-08
229800	8.49983642324676e-08
269200	8.2089015595764e-08
260450	8.0586545235963e-08
263600	7.89818023315609e-08
609197	7.87244062805371e-08
232200	7.76690863647635e-08
209300	7.75676679932051e-08
613886	7.16422068625579e-08
174050	7.02597732952258e-08
138900	6.12189278297856e-08
601941	5.91770292861148e-08
177735	5.83025805562021e-08
205400	5.45624462377429e-08
557000	5.34993445615109e-08
240150	5.17953736490617e-08
610021	4.96965146652225e-08
203400	4.93012814523559e-08
256450	4.60985099733617e-08
304800	4.42311235412095e-08
609968	4.33352043232421e-08
241150	4.15126431061463e-08
264350	4.02265118178422e-08
615961	3.98227841640349e-08
305700	3.92377133048586e-08
232240	3.86002302964395e-08
245900	3.58946825217888e-08
251120	3.44275455175205e-08
218030	3.42593638821511e-08
610199	3.22234618422158e-08
207780	3.1255164213614e-08
138040	3.10579045016022e-08
129840	3.06187867766006e-08
109160	3.06047881972714e-08
615517	2.80060794067836e-08
240200	2.74151199318753e-08
602485	2.7380348016131e-08
109600	2.66053355916054e-08
239350	2.58678973011186e-08
214700	2.58406072266224e-08
607616	2.50166902555415e-08
179820	2.45687860535157e-08
606528	2.38206155986502e-08
602475	2.27069591195592e-08
601223	2.25639899115246e-08
194470	2.22229206603609e-08
615361	2.20914279814168e-08
240300	2.20620971119921e-08
606762	2.03632953582331e-08
600955	1.98246856849076e-08
210740	1.85262177861474e-08
249599	1.85262177861474e-08
200100	1.79255484497939e-08
615558	1.79255484497939e-08
166700	1.71368554820478e-08
209010	1.71368554820478e-08
241080	1.71368554820478e-08
560000	1.71368554820478e-08
600952	1.69608287949683e-08
168820	1.61483823937389e-08
145270	1.4748006102715e-08
150170	1.46898371467875e-08
177600	1.45253159392062e-08
143880	1.39146391113883e-08
239199	1.31057821276628e-08
124060	1.18512261507253e-08
602722	1.0892979229595e-08
132810	1.03866688943509e-08
232900	9.43818673155982e-09
600166	9.41257828623402e-09
240800	6.94124475807184e-09
212067	6.09883257544901e-09
source	0
target	0
