DiseaseID	Score
143890	2.06704906316384e-05
601410	1.45763396436329e-05
222100	1.36417032400854e-05
601665	1.35256549227033e-05
613375	7.97038558298761e-06
151660	7.82874968973013e-06
615474	7.75997141279567e-06
608594	7.71297246999359e-06
610947	7.47963869249578e-06
603776	7.43079515339345e-06
125853	7.35637298251479e-06
269700	7.32923610863196e-06
614736	7.31935354287105e-06
615703	7.26637220124051e-06
602522	7.12716816136965e-06
616192	7.05037304476212e-06
603813	6.98499959183315e-06
219090	6.82776511233052e-06
615158	6.80469844654845e-06
614190	6.772809526859e-06
605814	6.35526409942341e-06
167800	6.3096900654909e-06
602014	6.03188497538145e-06
144250	4.01120455086249e-06
238600	3.60087071505296e-06
125852	8.86177801178945e-07
616214	8.14341368633982e-07
240900	6.6953466815066e-07
614028	6.54784673518062e-07
602247	6.48146855953809e-07
144650	5.7980074562338e-07
613677	5.66452798050057e-07
602025	5.61088105631085e-07
144300	5.59211734549959e-07
615457	5.52553139034711e-07
107741	5.52087515075997e-07
203800	5.47444107819546e-07
144400	5.43900236247979e-07
190430	5.42354229093247e-07
612520	5.29054442095751e-07
616511	5.06635239674387e-07
144010	4.96242490309126e-07
304900	4.93706311455398e-07
136120	4.74573511030976e-07
616329	4.65694849130684e-07
207750	4.57404645326182e-07
262190	4.48733675772096e-07
605019	4.40751288295232e-07
108725	4.40326126124224e-07
601666	4.3026662382633e-07
147630	4.28182332976722e-07
613877	4.22114177782213e-07
612780	4.20167274505124e-07
240600	4.09397848248076e-07
608600	4.03178531485031e-07
277460	4.00017767163991e-07
145750	3.93329958139021e-07
612526	3.84562735935596e-07
604367	3.81306344749819e-07
615954	3.74019938949437e-07
223500	3.71888353338473e-07
215720	3.63338273589292e-07
608320	3.61607455256552e-07
610374	3.39620241130477e-07
246200	3.33942432888443e-07
607364	3.28031446382904e-07
125800	3.22407087516956e-07
615238	3.02074143032252e-07
614496	2.85053871162381e-07
144600	2.82372642240541e-07
614492	2.74592839793738e-07
615830	2.73642552433707e-07
260370	2.71617734531789e-07
306000	2.68205592292221e-07
614495	2.65031305056036e-07
615962	2.56594209259756e-07
219080	2.53062763648224e-07
610475	2.53062763648224e-07
610489	2.53062763648224e-07
263800	2.50486656233275e-07
260350	2.37948904419919e-07
610600	2.36595023474499e-07
601942	2.34708609306127e-07
601198	2.25974860445186e-07
614491	2.213171055746e-07
610508	2.20690956136087e-07
613090	2.18116773994254e-07
601820	2.18108286660413e-07
608709	2.13962942721477e-07
601678	2.12499921367339e-07
615160	2.11397099107354e-07
154020	2.1037212976853e-07
611718	2.08284579557816e-07
300200	2.05159202508772e-07
125851	2.03416588660216e-07
125850	2.01981427196038e-07
241200	2.01804940251749e-07
103900	1.96322865074075e-07
152200	1.71350748444729e-07
606824	1.66838856652569e-07
615812	1.57784459986459e-07
615947	1.54657635069118e-07
118830	1.5355502412321e-07
177200	1.53547890193051e-07
606392	1.53355627541293e-07
143470	1.52465194538246e-07
145260	1.45438177614397e-07
613327	1.44954388168481e-07
600496	1.44426085928425e-07
300539	1.43605933177605e-07
191540	1.39178705344509e-07
143860	1.32081461815663e-07
600089	1.31421813717385e-07
606721	1.30467583435606e-07
610582	1.29866712472675e-07
614025	1.28267572496103e-07
605115	1.25729979724147e-07
608189	1.25265602290974e-07
612227	1.17865445635303e-07
229500	1.17322563548017e-07
613370	1.15904575531458e-07
613743	1.13523067593688e-07
126900	1.09902500085762e-07
612671	1.09270585683014e-07
167755	1.08275979979194e-07
614662	1.0682675262258e-07
612225	1.06810170687563e-07
605911	1.0500949870416e-07
232220	1.04886001102364e-07
616095	1.02211648036998e-07
103230	1.01409560614815e-07
126150	9.92267362159941e-08
191530	9.89434714396127e-08
151800	9.8458975050518e-08
606394	9.77738703393514e-08
171200	9.5996922251338e-08
609812	9.55405260672778e-08
276700	9.54619152373343e-08
615751	9.42318799258402e-08
208300	9.36633088063519e-08
614033	9.32641386424645e-08
268040	9.25430388982741e-08
613347	9.14716924127943e-08
615026	9.14018995352286e-08
609734	9.03950344653728e-08
167770	8.81761814897328e-08
609975	8.48983569168871e-08
229800	8.41448274697561e-08
269200	8.18120169265122e-08
260450	8.03665487700465e-08
263600	7.81029969110268e-08
232200	7.79583264005553e-08
609197	7.79006403960299e-08
209300	7.73551568508103e-08
613886	7.18388832496628e-08
174050	7.00519821251499e-08
138900	6.15802036383438e-08
601941	5.90081527657069e-08
177735	5.83765065139019e-08
205400	5.46121754560825e-08
557000	5.3716213409714e-08
240150	5.19664162856364e-08
610021	4.95862694120993e-08
203400	4.93172446501078e-08
256450	4.60579879248597e-08
304800	4.43880048355244e-08
609968	4.33144168379421e-08
241150	4.15325786898171e-08
264350	4.01554805589279e-08
615961	3.96561763657629e-08
305700	3.93005434503969e-08
232240	3.86835125939469e-08
245900	3.59160038552565e-08
218030	3.42657565197997e-08
251120	3.41476078753022e-08
610199	3.20472096975144e-08
207780	3.13788257847352e-08
138040	3.10884972382743e-08
129840	3.06857312977682e-08
109160	3.05928791327139e-08
615517	2.79738326322877e-08
240200	2.74019158913052e-08
602485	2.73297103506273e-08
109600	2.66039033231527e-08
239350	2.59499371486489e-08
214700	2.57498398224898e-08
607616	2.50381344427585e-08
179820	2.45328255610885e-08
606528	2.36548606825924e-08
602475	2.2572500313329e-08
601223	2.24424714472395e-08
194470	2.21111944441997e-08
615361	2.20273185218909e-08
240300	2.19757403909426e-08
606762	2.03179340680432e-08
600955	1.97598914646901e-08
210740	1.8450826642026e-08
249599	1.8450826642026e-08
200100	1.79331911984578e-08
615558	1.79331911984578e-08
166700	1.70671188054518e-08
209010	1.70671188054518e-08
241080	1.70671188054518e-08
560000	1.70671188054518e-08
600952	1.6883940259728e-08
168820	1.60716265558269e-08
145270	1.46831418234639e-08
150170	1.46137342397218e-08
177600	1.44399942337081e-08
143880	1.40156841429701e-08
239199	1.30654875512452e-08
124060	1.17994918268507e-08
602722	1.07724059021408e-08
132810	1.03332172353783e-08
232900	9.42782049149824e-09
600166	9.37896835431141e-09
240800	6.91195509917855e-09
212067	6.04584577384104e-09
source	0
target	0
