DiseaseID	Score
602522	0.00167676061989941
612780	4.21175536766013e-05
607364	4.20049916473915e-05
613090	4.13116924662682e-05
601678	4.12107125665774e-05
241200	4.05153360579192e-05
610600	4.04504312918366e-05
304900	3.9631545397335e-05
143890	2.12462120958427e-05
222100	1.480942500317e-05
601410	1.41879722316592e-05
601665	1.39017717288082e-05
615474	8.19645788526567e-06
602014	7.8186666993875e-06
603813	7.58361976651005e-06
603776	7.57014865984621e-06
613375	7.55231478803073e-06
615703	7.23497844178159e-06
615158	7.21312569743973e-06
616192	7.18262874744981e-06
608594	7.1684584002571e-06
614190	7.13743487006561e-06
219090	7.13332595010735e-06
269700	7.10756962931899e-06
610947	7.07582147692442e-06
151660	7.01040845276135e-06
614736	6.96069485999785e-06
167800	6.84344427725756e-06
605814	6.7959179228065e-06
125853	6.5898262116014e-06
613677	6.24048780587413e-06
263800	5.20168522426301e-06
144250	3.96026236447849e-06
601198	3.64455138336055e-06
304800	3.64410024817847e-06
238600	3.54974917473695e-06
241150	3.12193070399564e-06
613743	3.04921583321681e-06
203400	2.93023629179594e-06
300539	2.82009069631752e-06
264350	2.66631894344616e-06
125800	2.57591652528999e-06
214700	2.38513314661275e-06
614491	2.26811387464318e-06
177735	1.99939285392503e-06
300200	1.88945682919961e-06
239350	1.81465976138077e-06
239199	1.74871073062302e-06
615361	1.7440292553688e-06
614492	1.73389615122486e-06
177200	1.56675555496725e-06
614496	1.23974468072691e-06
611718	1.18507351135454e-06
143860	1.15073978004741e-06
218030	1.05041075859552e-06
143880	9.11884791985963e-07
125852	9.10494126176257e-07
616214	8.44420011429496e-07
240900	6.74809618487039e-07
614028	6.7215817105771e-07
602247	6.62520692016113e-07
144650	6.01836083033116e-07
154020	5.74967699046299e-07
144300	5.74875212235504e-07
602025	5.7008879572124e-07
107741	5.65497423607758e-07
615457	5.6143836530088e-07
144400	5.60549130403793e-07
145260	5.60050625873951e-07
190430	5.51131649497967e-07
203800	5.31763002033139e-07
612520	5.23180732643363e-07
144010	5.10918017019932e-07
616511	5.09786070662151e-07
614495	5.06712474576076e-07
136120	4.85862085969845e-07
616329	4.75285287717491e-07
207750	4.65549865126466e-07
605019	4.60631255937867e-07
147630	4.59846682720272e-07
601666	4.40073519992915e-07
108725	4.38772900153964e-07
240600	4.38629816046456e-07
262190	4.32713280375891e-07
277460	4.13725636916966e-07
215720	4.02683637733102e-07
613877	4.00212639607213e-07
145750	3.86344061412468e-07
608600	3.79402491307802e-07
615954	3.77403273737419e-07
615962	3.75502794035753e-07
223500	3.70769548560827e-07
103900	3.67934849874872e-07
608320	3.63185429326845e-07
612526	3.62199275964732e-07
605115	3.60104738030033e-07
604367	3.59087137189361e-07
103230	3.31656529920009e-07
610374	3.25150363779824e-07
246200	3.141724200176e-07
129840	2.96179062136184e-07
615830	2.85613719449611e-07
615238	2.83467166889383e-07
144600	2.82906108301509e-07
306000	2.81644505940134e-07
260370	2.73150472500042e-07
240200	2.72703009247594e-07
219080	2.64671897364073e-07
610475	2.64671897364073e-07
610489	2.64671897364073e-07
260350	2.52317759837398e-07
615160	2.35176968060019e-07
601942	2.30918463868294e-07
615517	2.23665976574175e-07
601820	2.23544120090301e-07
610508	2.07571857546601e-07
125851	2.01820922701384e-07
608709	2.00950148293253e-07
125850	2.00020428579715e-07
600955	1.86620399890549e-07
606824	1.76176670848964e-07
152200	1.65622711845289e-07
609975	1.62400368077797e-07
118830	1.6004624247435e-07
615812	1.5894503410833e-07
138040	1.57013825607319e-07
143470	1.56760626010885e-07
615947	1.54065478322157e-07
606392	1.43353649217363e-07
613327	1.35242484562627e-07
191540	1.34438863383918e-07
608189	1.34299502638731e-07
600496	1.3417750390804e-07
614025	1.32654948400003e-07
612227	1.23973872261257e-07
600089	1.2265309871535e-07
229500	1.22603602962668e-07
606721	1.21534463461476e-07
610582	1.20005124040284e-07
167755	1.15107025968981e-07
606528	1.1338954483734e-07
613370	1.12418572501397e-07
616095	1.07657176723048e-07
605911	1.06187035526613e-07
191530	1.06029491697194e-07
612671	1.06028902974262e-07
232220	1.04234078181691e-07
612225	1.03086669596443e-07
614662	1.02736707371614e-07
609812	1.02320687090127e-07
126150	1.02029617224899e-07
615026	1.00834809676879e-07
208300	1.00599837756244e-07
171200	1.00093454766732e-07
126900	9.98321031102109e-08
615751	9.97307679352051e-08
276700	9.97101162189471e-08
613347	9.89356064346999e-08
614033	9.75649954555308e-08
609734	9.5347604560695e-08
167770	9.52082428503297e-08
606394	9.4022008415825e-08
268040	9.14945150913888e-08
602722	8.9948418876372e-08
151800	8.97663698490156e-08
229800	8.74522485811689e-08
269200	8.74351704728663e-08
260450	8.69754396092276e-08
209300	8.37418007091064e-08
609197	8.17999198915234e-08
263600	8.16688717615327e-08
232200	7.74640279185637e-08
174050	7.57536227450038e-08
613886	7.29960460431578e-08
601941	6.94062902506562e-08
138900	6.42144875773558e-08
557000	5.66189047637128e-08
205400	5.60247543567446e-08
610021	5.37709104908816e-08
240150	5.13967400782306e-08
256450	4.97724713318554e-08
609968	4.72625954992397e-08
109160	4.34201099014762e-08
251120	4.32337096770441e-08
615961	4.03988128738704e-08
305700	3.97819102850783e-08
232240	3.92292637750101e-08
109600	3.90448685168459e-08
245900	3.69838935732535e-08
610199	3.23444438123571e-08
602485	3.09053333991338e-08
207780	3.07736954223562e-08
601223	2.80400726205976e-08
194470	2.73353969018027e-08
607616	2.57730511708202e-08
179820	2.42498609153866e-08
606762	2.34515690760681e-08
602475	2.28365962598426e-08
240300	2.25552826697858e-08
168820	2.16056598336323e-08
150170	2.05667166828544e-08
177600	1.98609740939281e-08
210740	1.87126120698677e-08
249599	1.87126120698677e-08
200100	1.85145864856728e-08
615558	1.85145864856728e-08
124060	1.80594877452698e-08
166700	1.73092833058602e-08
209010	1.73092833058602e-08
241080	1.73092833058602e-08
560000	1.73092833058602e-08
600952	1.72918934821337e-08
132810	1.6158688969381e-08
145270	1.61264919936298e-08
240800	9.68412259011746e-09
232900	9.60600162254042e-09
600166	8.88330981779989e-09
212067	6.33479574970926e-09
source	0
target	0
